episode, reward, success, duration, steps, total_steps, memory length, avg_critic_loss, avg_actor_loss
301, 2446.93365290761, 1, 0.7013613389999591, 30, 139448,                                             139448, 11.892465591430664, 293.9253845214844
302, 2257.556463032961, 1, 2.1146162060003917, 121, 139569,                                             139569, 11.764666557312012, 290.0682678222656
303, 1856.0057460069656, 1, 3.700423447000503, 203, 139772,                                             139772, 12.093661308288574, 288.6046447753906
304, -1385.7908251285553, 4, 7.304679704000591, 417, 140189,                                             140189, 11.52861499786377, 289.3932800292969
305, 2398.691862821579, 1, 1.7016510319999725, 79, 140268,                                             140268, 11.133613586425781, 291.6890869140625
306, -999.9790814518929, 4, 6.915618332000122, 402, 140670,                                             140670, 11.681661605834961, 290.148193359375
307, 2200.912291109562, 1, 1.9001195110004119, 98, 140768,                                             140768, 11.242188453674316, 291.1328430175781
308, 1571.161565989256, 1, 6.11611295900002, 362, 141130,                                             141130, 11.74071979522705, 289.5763854980469
309, -1645.6136978268623, 4, 8.11662682900078, 444, 141574,                                             141574, 11.344046592712402, 288.7323303222656
