episode, reward, success, duration, steps, total_steps, memory length, avg_critic_loss, avg_actor_loss
201, 2424.6366271674633, 1, 0.9031420169994817, 37, 114167,                                             114167, 12.268158912658691, 293.90130615234375
202, -2379.5888078808784, 2, 2.31454851000035, 134, 114301,                                             114301, 11.0098295211792, 298.53631591796875
203, 1288.9952075481415, 1, 5.902200688999983, 333, 114634,                                             114634, 10.961846351623535, 296.64727783203125
204, -1337.64201182127, 4, 7.116451975000018, 419, 115053,                                             115053, 10.334705352783203, 292.88287353515625
205, 2254.681458771229, 1, 2.3012224669992065, 123, 115176,                                             115176, 10.948397636413574, 292.92218017578125
206, 1001.9856723546982, 1, 5.102378491999843, 289, 115465,                                             115465, 10.830521583557129, 293.92767333984375
207, 1002.7793865799904, 1, 4.115799317999517, 244, 115709,                                             115709, 10.855961799621582, 295.8875427246094
208, -2387.3188223838806, 2, 1.6999915500000498, 82, 115791,                                             115791, 10.87876033782959, 294.4062194824219
209, 1637.757639169693, 1, 2.5150494829995296, 148, 115939,                                             115939, 11.816523551940918, 294.38714599609375
210, -1240.3793331384659, 4, 7.502548215000388, 424, 116363,                                             116363, 11.918871879577637, 296.6590881347656
211, 1906.78939306736, 1, 3.1646918970000115, 185, 116548,                                             116548, 11.212244033813477, 294.015869140625
212, -1725.908891737461, 4, 7.516670461000103, 421, 116969,                                             116969, 11.167750358581543, 294.8304443359375
213, 2313.2109936773777, 1, 1.700273104000189, 79, 117048,                                             117048, 11.705400466918945, 295.5376892089844
214, -1257.446546792984, 4, 7.1165935509998235, 420, 117468,                                             117468, 10.637137413024902, 294.96392822265625
215, 2002.6166606545448, 1, 3.1142080409999835, 153, 117621,                                             117621, 11.686817169189453, 291.8028259277344
216, 1143.4173836112022, 1, 4.31428641399998, 252, 117873,                                             117873, 11.558722496032715, 295.8283996582031
217, -1603.8738051652908, 4, 7.503983845999755, 429, 118302,                                             118302, 11.385071754455566, 294.705810546875
218, 2466.6198450922966, 1, 0.7131625810006881, 38, 118340,                                             118340, 9.876009941101074, 300.4942321777344
219, -2059.2236072421074, 4, 7.702208544000314, 441, 118781,                                             118781, 11.718167304992676, 293.8425598144531
220, -2289.19552308321, 2, 1.7142121099996075, 94, 118875,                                             118875, 11.515851974487305, 294.4512634277344
221, 2252.0501675009727, 1, 2.351947535999898, 115, 118990,                                             118990, 11.008378028869629, 291.5187072753906
222, 2261.067847132683, 1, 1.714593738000076, 91, 119081,                                             119081, 12.908530235290527, 293.2874755859375
223, 1247.9411661624908, 1, 6.702040486999977, 383, 119464,                                             119464, 11.045280456542969, 294.1551208496094
224, -1044.7051709592342, 4, 7.30495160800001, 414, 119878,                                             119878, 11.841471672058105, 293.072265625
225, 2336.093220025301, 1, 2.115663519000009, 116, 119994,                                             119994, 11.91567611694336, 294.8841857910156
226, 1053.7138535678387, 1, 6.7028890280007545, 381, 120375,                                             120375, 10.649151802062988, 295.2270812988281
227, 1790.0859643220901, 1, 4.115945188000296, 240, 120615,                                             120615, 11.467930793762207, 293.5463562011719
228, -2551.376586973667, 4, 7.503202943999895, 419, 121034,                                             121034, 11.655393600463867, 293.6451416015625
229, 1752.8598015010357, 1, 2.7016048129999035, 146, 121180,                                             121180, 11.767675399780273, 293.0582580566406
230, 1628.0678815245628, 1, 5.3029591430004075, 293, 121473,                                             121473, 11.016722679138184, 294.3125305175781
231, -1868.9351739883423, 4, 7.551786845000606, 426, 121899,                                             121899, 12.19309139251709, 294.9444274902344
232, 2178.776525616646, 1, 1.9001598249997187, 93, 121992,                                             121992, 10.941967010498047, 291.5950012207031
233, -2053.8900595903397, 4, 7.303663195999434, 410, 122402,                                             122402, 11.397481918334961, 294.4560852050781
234, 2347.2486574053764, 1, 2.116608330999952, 95, 122497,                                             122497, 11.548982620239258, 299.7235107421875
235, -1334.651420712471, 4, 6.917174209999757, 405, 122902,                                             122902, 11.02608871459961, 293.9530029296875
236, -2377.703760623932, 3, 2.7006011710000166, 136, 123038,                                             123038, 11.609088897705078, 292.9898681640625
237, 2335.0990803837776, 1, 1.9021453360001033, 96, 123134,                                             123134, 10.881836891174316, 295.8268127441406
238, 2337.8890094161034, 1, 1.9018077970004015, 98, 123232,                                             123232, 11.901044845581055, 290.5999450683594
239, -1564.7653562426567, 4, 7.520513021000625, 432, 123664,                                             123664, 11.808087348937988, 291.2629699707031
240, 2330.1967348456383, 1, 1.5006744110005457, 73, 123737,                                             123737, 11.678046226501465, 298.71258544921875
241, -3314.35591173172, 2, 5.549467441000161, 312, 124049,                                             124049, 11.338384628295898, 291.6278381347656
242, 2248.2117391824722, 1, 1.9145131160003075, 106, 124155,                                             124155, 11.86453914642334, 295.4515075683594
243, -1237.255803823471, 4, 7.502834548999999, 419, 124574,                                             124574, 11.90776538848877, 293.6559753417969
244, -1572.305268585682, 4, 7.319106057000681, 424, 124998,                                             124998, 11.580342292785645, 294.09783935546875
245, 2333.0672132372856, 1, 1.7001547579993712, 83, 125081,                                             125081, 12.483880996704102, 295.03985595703125
246, 2067.2863856852055, 1, 2.1020411979998244, 105, 125186,                                             125186, 9.341370582580566, 291.66461181640625
247, 2200.5474265813828, 1, 1.7017182260005939, 78, 125264,                                             125264, 11.719612121582031, 295.4595947265625
248, 1734.5479254424572, 1, 3.3175925370005643, 190, 125454,                                             125454, 13.235431671142578, 293.5503234863281
249, 1890.5053495168686, 1, 3.1011200000002646, 168, 125622,                                             125622, 11.623250007629395, 292.349365234375
250, -1581.7687635421753, 4, 7.3194335840007625, 421, 126043,                                             126043, 11.793703079223633, 290.600341796875
251, -1312.757925271988, 4, 7.13348003900046, 409, 126452,                                             126452, 10.949499130249023, 292.16021728515625
252, -2482.1752190589905, 2, 1.9168457340001623, 101, 126553,                                             126553, 10.654911041259766, 292.1462707519531
253, 1380.5469045042992, 1, 6.102173651000157, 334, 126887,                                             126887, 10.344778060913086, 289.7747802734375
254, 827.6839856505394, 1, 6.317853925999771, 341, 127228,                                             127228, 11.153127670288086, 292.75457763671875
255, 2240.2164047658443, 1, 3.115793480999855, 182, 127410,                                             127410, 11.394421577453613, 293.6043701171875
256, 1603.343367666006, 1, 5.901659725000172, 336, 127746,                                             127746, 11.0921630859375, 294.1106262207031
257, 1281.6775491833687, 1, 4.502633185999912, 252, 127998,                                             127998, 9.843514442443848, 294.6393737792969
258, 1406.1619378328323, 1, 5.918586645000687, 340, 128338,                                             128338, 11.421567916870117, 292.3139343261719
259, 2318.3038428276777, 1, 2.3005325189997166, 117, 128455,                                             128455, 13.407791137695312, 290.5260009765625
260, -2270.9880427718163, 4, 7.70490757799962, 434, 128889,                                             128889, 11.462716102600098, 291.86419677734375
261, 2345.6038066744804, 1, 1.523742353999296, 74, 128963,                                             128963, 13.93919563293457, 295.2633972167969
262, -1819.3518074154854, 4, 7.7195309200005795, 417, 129380,                                             129380, 11.082550048828125, 293.79010009765625
263, -2534.135827064514, 2, 1.716179387000011, 91, 129471,                                             129471, 9.91773509979248, 292.1811218261719
264, -1387.7409254312515, 4, 7.901993844000572, 435, 129906,                                             129906, 12.45096206665039, 291.1263427734375
265, -1447.383415877819, 4, 7.504525594999905, 421, 130327,                                             130327, 11.906994819641113, 291.0027160644531
266, 2470.9955357015133, 1, 0.9014405130001251, 37, 130364,                                             130364, 10.266403198242188, 286.2402038574219
267, 2221.883396923542, 1, 2.1168888639995203, 113, 130477,                                             130477, 10.750669479370117, 291.7633056640625
268, 2303.685168594122, 1, 2.700522189000367, 140, 130617,                                             130617, 12.811535835266113, 296.6644287109375
269, 2102.6103330254555, 1, 2.1166484060004223, 122, 130739,                                             130739, 12.300122261047363, 292.4079284667969
270, -2197.918718993664, 4, 7.903245260999938, 447, 131186,                                             131186, 11.643338203430176, 290.5794677734375
271, 2475.8288208842278, 1, 0.7497892829996999, 39, 131225,                                             131225, 9.92667293548584, 290.2159118652344
272, -2005.0155600309372, 4, 8.301190700000006, 450, 131675,                                             131675, 11.142799377441406, 290.93817138671875
273, 1379.9479237794876, 1, 4.723985109999376, 251, 131926,                                             131926, 11.572504043579102, 290.7394104003906
274, -1147.7648136615753, 4, 8.102975756999513, 439, 132365,                                             132365, 11.791060447692871, 291.0455017089844
275, 1127.9518977999687, 1, 7.501942531999703, 406, 132771,                                             132771, 11.34584903717041, 293.0037841796875
276, -1102.0470600128174, 4, 7.920142163000492, 439, 133210,                                             133210, 11.480076789855957, 289.77362060546875
277, -2745.479710817337, 2, 3.1016723040002034, 158, 133368,                                             133368, 11.981844902038574, 290.32025146484375
278, 2209.38146597147, 1, 2.502699585999835, 126, 133494,                                             133494, 11.349390029907227, 291.5006103515625
279, -4169.613938689232, 2, 6.904368108000199, 384, 133878,                                             133878, 11.690509796142578, 290.66656494140625
280, -1468.93287473917, 4, 7.521887528000661, 422, 134300,                                             134300, 11.34704875946045, 290.3077087402344
281, 2363.9602131843567, 1, 1.1169872009995743, 62, 134362,                                             134362, 10.838323593139648, 293.2633972167969
282, 1326.5898396372795, 1, 6.902757831000599, 373, 134735,                                             134735, 12.255501747131348, 293.42755126953125
283, -1949.0442529320717, 4, 7.918099207000523, 441, 135176,                                             135176, 11.991459846496582, 291.5489501953125
284, 2400.878973454237, 1, 1.6998192749997543, 84, 135260,                                             135260, 12.746321678161621, 286.85491943359375
285, -1583.6265980005264, 4, 7.904521099999329, 431, 135691,                                             135691, 11.553284645080566, 291.9265441894531
286, 1477.8733428865671, 1, 6.320141467000212, 351, 136042,                                             136042, 12.1405668258667, 290.8848876953125
287, 1569.2381817102432, 1, 4.702409167000042, 243, 136285,                                             136285, 11.978102684020996, 288.8748779296875
288, 2123.6630004048347, 1, 2.502585858999737, 130, 136415,                                             136415, 13.027792930603027, 291.18048095703125
289, 1777.4704150557518, 1, 4.717539754999962, 267, 136682,                                             136682, 11.278177261352539, 290.2251892089844
290, 2230.748898625374, 1, 2.2999742040001365, 123, 136805,                                             136805, 11.908732414245605, 289.0053405761719
291, -1144.2834838032722, 4, 7.35207191399968, 423, 137228,                                             137228, 12.001821517944336, 290.21783447265625
292, 1326.3869746923447, 1, 6.50311133499963, 365, 137593,                                             137593, 12.440038681030273, 290.0173034667969
293, -2363.7212476730347, 2, 0.7195768490000773, 33, 137626,                                             137626, 11.07559871673584, 285.5625915527344
294, -1334.808796107769, 4, 7.501164676999906, 421, 138047,                                             138047, 11.717680931091309, 289.39764404296875
295, 2365.3519837856293, 1, 2.1181212000001324, 95, 138142,                                             138142, 12.89616584777832, 288.7612609863281
296, 2147.4624027609825, 1, 2.10070209100013, 103, 138245,                                             138245, 11.250723838806152, 291.4009704589844
297, 2136.4039432406425, 1, 2.917098279000129, 159, 138404,                                             138404, 12.582676887512207, 292.0203857421875
298, 1832.2070214748383, 1, 5.302047543999834, 294, 138698,                                             138698, 10.897768020629883, 290.0394592285156
299, 803.9500949978828, 1, 4.917851520999648, 286, 138984,                                             138984, 11.681686401367188, 285.5917053222656
300, -1784.9772196412086, 4, 7.918350733999432, 434, 139418,                                             139418, 11.50137710571289, 286.0116882324219
301, 2312.0585911273956, 1, 1.8535513369997716, 106, 139524,                                             139524, 12.596368789672852, 290.4869384765625
302, 1961.8490882515907, 1, 2.499732991000201, 132, 139656,                                             139656, 12.207429885864258, 289.4710388183594
303, 827.0441769957542, 1, 7.303905112999928, 413, 140069,                                             140069, 12.252924919128418, 289.28497314453125
304, -1681.991647541523, 4, 7.32004148499982, 418, 140487,                                             140487, 11.675190925598145, 287.465087890625
305, -2347.7332549095154, 3, 2.5023118919998524, 135, 140622,                                             140622, 11.233301162719727, 286.97021484375
306, -1336.372267305851, 4, 7.31837051399998, 414, 141036,                                             141036, 11.740777015686035, 288.6789855957031
307, 1884.0238372981548, 1, 3.1007482459999665, 166, 141202,                                             141202, 12.359800338745117, 291.6695556640625
308, 2017.460426479578, 1, 4.502588260000266, 252, 141454,                                             141454, 10.929367065429688, 289.37164306640625
309, 1673.7232251763344, 1, 4.721541439999783, 267, 141721,                                             141721, 11.581774711608887, 286.25604248046875
310, -1953.8416386246681, 4, 7.705709773999843, 433, 142154,                                             142154, 10.915657997131348, 287.9797058105469
311, 2291.314346075058, 1, 2.3292697630004113, 133, 142287,                                             142287, 11.962616920471191, 286.62127685546875
312, -1672.1275314092636, 4, 7.718529638000291, 429, 142716,                                             142716, 11.101516723632812, 286.4866638183594
313, 1191.4284654259682, 1, 5.900417704000574, 329, 143045,                                             143045, 12.512426376342773, 289.80694580078125
314, 1681.4955037534237, 1, 5.119245916000182, 294, 143339,                                             143339, 10.700939178466797, 284.88812255859375
315, 1294.0612038969994, 1, 6.917530605000138, 374, 143713,                                             143713, 11.846406936645508, 287.6994323730469
316, 1345.7681846022606, 1, 6.1182831659998556, 346, 144059,                                             144059, 11.91864013671875, 284.90850830078125
317, 1919.3338379263878, 1, 2.299912403000235, 115, 144174,                                             144174, 10.451478004455566, 291.0235290527344
318, 2317.0506950616837, 1, 2.102061397000398, 104, 144278,                                             144278, 13.663187026977539, 286.1641845703125
319, 1559.389361947775, 1, 5.320034725000369, 300, 144578,                                             144578, 11.817512512207031, 283.25244140625
320, -90007.12434715033, 1, 763.510474058, 47235, 191813,                                             191813, 9.931201934814453, 274.36614990234375
321, -1383.129290997982, 4, 6.943543035999937, 401, 192214,                                             192214, 8.33389949798584, 252.2005157470703
322, -1835.8190163373947, 4, 7.106797080999968, 401, 192615,                                             192615, 8.616233825683594, 255.37322998046875
323, 2390.033016681671, 1, 1.9152875169993422, 80, 192695,                                             192695, 8.133234024047852, 248.7651824951172
324, -1406.346953868866, 4, 6.916954142000577, 396, 193091,                                             193091, 9.454695701599121, 251.98341369628906
325, -1642.3933564424515, 4, 7.303052195999953, 409, 193500,                                             193500, 8.224783897399902, 252.9391632080078
326, -1594.6369321346283, 4, 7.318575635999878, 413, 193913,                                             193913, 8.865560531616211, 252.2513427734375
327, 2362.028657913208, 1, 1.2996729630003756, 58, 193971,                                             193971, 7.598803997039795, 247.29449462890625
328, -1148.7572264671326, 4, 7.103850613999384, 398, 194369,                                             194369, 8.825241088867188, 251.5890350341797
329, 2289.505319595337, 1, 2.101444134999838, 104, 194473,                                             194473, 7.4282050132751465, 253.10154724121094
330, -2351.7757919430733, 4, 7.304310112999701, 403, 194876,                                             194876, 9.008072853088379, 252.13864135742188
331, -2693.460020184517, 4, 14.925730020999254, 876, 195752,                                             195752, 7.907107353210449, 249.6680450439453
332, -2223.9195615053177, 2, 1.715542648000337, 71, 195823,                                             195823, 7.686177730560303, 249.43923950195312
