episode, reward, success, duration, steps, total_steps, memory length, avg_critic_loss, avg_actor_loss
301, 2344.840357288718, 1, 1.5013252690005174, 72, 139490,                                             139490, 13.596393585205078, 285.7318115234375
302, 1409.4040761888027, 1, 5.3037956010002745, 299, 139789,                                             139789, 10.871819496154785, 288.260986328125
303, -2590.698478758335, 3, 3.90211948400065, 213, 140002,                                             140002, 11.662886619567871, 286.8199157714844
304, 1605.7815487533808, 1, 3.5031848650005486, 186, 140188,                                             140188, 11.869168281555176, 287.95343017578125
305, 1693.8036361634731, 1, 3.515000280000095, 207, 140395,                                             140395, 12.405241966247559, 287.566650390625
306, -3897.376722216606, 3, 5.701708816999599, 326, 140721,                                             140721, 12.138673782348633, 286.800048828125
307, 2432.7132265269756, 1, 1.5147233139996388, 80, 140801,                                             140801, 10.74525260925293, 288.578125
308, -1389.1489145159721, 4, 7.3035963720003565, 415, 141216,                                             141216, 11.566903114318848, 287.7312927246094
309, -1834.3948194384575, 4, 7.921202923999772, 426, 141642,                                             141642, 11.538857460021973, 287.6393737792969
310, 2286.7702617943287, 1, 2.299899218000064, 110, 141752,                                             141752, 10.805917739868164, 286.65814208984375
311, -2602.2095896601677, 2, 3.963705086999653, 220, 141972,                                             141972, 12.131340980529785, 287.0828552246094
312, -1566.576603770256, 4, 7.117757002000872, 406, 142378,                                             142378, 11.501742362976074, 286.360107421875
313, 1880.6789938807487, 1, 3.5013364189999265, 194, 142572,                                             142572, 12.849547386169434, 285.6842956542969
314, -1393.9097430706024, 4, 7.303491031999329, 414, 142986,                                             142986, 12.105559349060059, 285.5232849121094
315, -3290.121558070183, 2, 5.716758157000186, 325, 143311,                                             143311, 12.382596969604492, 286.90777587890625
316, 2405.964011788368, 1, 1.7005365100003473, 78, 143389,                                             143389, 9.83749771118164, 289.10205078125
317, -1260.0314849615097, 4, 6.916633449000074, 400, 143789,                                             143789, 11.380210876464844, 288.3608093261719
318, -1308.971971154213, 4, 7.71669148699948, 418, 144207,                                             144207, 11.687044143676758, 285.7549743652344
319, 2368.1101863980293, 1, 1.699251044000448, 88, 144295,                                             144295, 10.940290451049805, 279.1860656738281
320, -1387.2140007019043, 4, 7.304275306999443, 411, 144706,                                             144706, 12.070992469787598, 284.1693420410156
321, -3144.464907169342, 2, 3.9659624449996045, 228, 144934,                                             144934, 12.447628021240234, 285.16748046875
322, -1324.8576790690422, 4, 6.915954702000818, 404, 145338,                                             145338, 11.837289810180664, 286.4990539550781
323, -3105.7503655552864, 3, 6.302800852000473, 356, 145694,                                             145694, 10.934586524963379, 287.2169189453125
324, 2372.3083260655403, 1, 1.3156589200007147, 68, 145762,                                             145762, 11.466780662536621, 287.15020751953125
325, -1226.7368556261063, 4, 7.502949153999907, 423, 146185,                                             146185, 12.603264808654785, 286.4992980957031
326, 2328.287304967642, 1, 2.3165722660005486, 105, 146290,                                             146290, 12.544928550720215, 286.3921203613281
327, -3334.206579864025, 3, 2.714628122999784, 158, 146448,                                             146448, 11.981354713439941, 283.79583740234375
328, 2432.9206419587135, 1, 1.5005427730002339, 74, 146522,                                             146522, 13.278029441833496, 285.7989196777344
329, 2205.624286532402, 1, 2.715437791000113, 153, 146675,                                             146675, 10.571392059326172, 288.0110778808594
330, 1594.3080468773842, 1, 5.515353353000137, 291, 146966,                                             146966, 11.389320373535156, 286.5823974609375
331, -3123.2138944864273, 3, 6.752420091999738, 366, 147332,                                             147332, 11.850289344787598, 284.09576416015625
332, 2469.149795293808, 1, 0.8995537099999638, 37, 147369,                                             147369, 9.0409574508667, 289.6790771484375
333, 1238.1710192710161, 1, 6.51811010900019, 378, 147747,                                             147747, 12.083536148071289, 283.2851257324219
334, -1065.7252288460732, 4, 7.503088720999585, 428, 148175,                                             148175, 12.660479545593262, 287.8519287109375
335, 1538.2389172911644, 1, 6.51736490500025, 375, 148550,                                             148550, 11.206424713134766, 288.7275695800781
336, -1272.9804617762566, 4, 7.50181647699992, 418, 148968,                                             148968, 11.89303207397461, 286.4221496582031
337, -1368.4499893188477, 4, 6.917232102000526, 401, 149369,                                             149369, 11.54086685180664, 285.6626892089844
338, 2456.5583267211914, 1, 0.9001845430002504, 37, 149406,                                             149406, 12.078359603881836, 283.2113037109375
339, 2156.1759133934975, 1, 2.1014313130008304, 110, 149516,                                             149516, 11.029882431030273, 287.5899963378906
340, -1060.1380764245987, 4, 7.504115312000067, 417, 149933,                                             149933, 11.607186317443848, 286.1902770996094
341, -1516.6081269979477, 4, 6.963652502000514, 399, 150332,                                             150332, 11.713811874389648, 286.683837890625
342, -1179.8150257468224, 4, 7.302506446000734, 412, 150744,                                             150744, 11.698466300964355, 286.56011962890625
343, 2130.16335773468, 1, 2.5015667429997848, 129, 150873,                                             150873, 13.094963073730469, 287.24139404296875
344, 1711.8189759850502, 1, 5.318731772999854, 309, 151182,                                             151182, 12.205513000488281, 284.73565673828125
345, -1139.0243273973465, 4, 7.501882624000245, 426, 151608,                                             151608, 11.582733154296875, 285.5052185058594
346, -1128.7928255796432, 4, 7.117930422000427, 414, 152022,                                             152022, 11.360098838806152, 283.253662109375
347, -1385.480385363102, 4, 7.503028883999832, 413, 152435,                                             152435, 11.844372749328613, 285.7519836425781
348, 2462.2518274486065, 1, 0.7301420730000245, 39, 152474,                                             152474, 10.21295166015625, 288.8542175292969
349, 2251.033470928669, 1, 2.501071282000339, 128, 152602,                                             152602, 11.609739303588867, 283.4799499511719
350, 1928.1866645216942, 1, 3.7021362699997553, 204, 152806,                                             152806, 11.614028930664062, 285.494384765625
351, 1721.465681552887, 1, 4.558394113000759, 265, 153071,                                             153071, 11.746650695800781, 284.1563720703125
352, 1883.7941834628582, 1, 3.701496450000377, 208, 153279,                                             153279, 11.435868263244629, 284.9109802246094
353, -1376.6303680539131, 4, 7.7179323860000295, 421, 153700,                                             153700, 11.401228904724121, 284.7452697753906
354, 2277.8026342988014, 1, 2.100393869999607, 107, 153807,                                             153807, 11.717490196228027, 284.3268737792969
355, 1920.607437223196, 1, 5.118408289999934, 269, 154076,                                             154076, 11.690109252929688, 287.07366943359375
356, 2207.255847454071, 1, 2.299771488999795, 124, 154200,                                             154200, 11.562093734741211, 288.6175231933594
357, -1628.2209100723267, 4, 7.118069293999724, 410, 154610,                                             154610, 11.925909042358398, 288.3081970214844
358, 1786.0497135519981, 1, 3.901076992000526, 209, 154819,                                             154819, 11.991409301757812, 285.77386474609375
359, 2142.263284265995, 1, 2.102116944000045, 104, 154923,                                             154923, 11.835882186889648, 283.8555908203125
360, 2376.1502810120583, 1, 1.5017013790002238, 76, 154999,                                             154999, 12.80859661102295, 284.3550720214844
361, 1302.487224161625, 1, 5.754849733999436, 330, 155329,                                             155329, 11.527398109436035, 285.6277770996094
