episode, reward, success, duration, steps, total_steps, memory length, avg_critic_loss, avg_actor_loss
2501, 2471.9170070439577, 1, 0.9540734229994996, 30, 427014,                                             427014, 29.668235778808594, -133.33285522460938
2502, -3750.0296555757523, 2, 6.103741016999265, 220, 427234,                                             427234, 24.678770065307617, -131.97987365722656
2503, 2370.991824477911, 1, 1.7235157450013503, 65, 427299,                                             427299, 21.432931900024414, -132.28414916992188
2504, 2242.670519888401, 1, 4.72717263800223, 170, 427469,                                             427469, 22.454965591430664, -132.6364288330078
2505, -2283.293849349022, 2, 0.9244695810011763, 32, 427501,                                             427501, 22.500516891479492, -133.89903259277344
2506, -2377.99768024683, 2, 2.8976884260009683, 100, 427601,                                             427601, 23.847089767456055, -133.17184448242188
2507, 2357.412131100893, 1, 2.723122488001536, 100, 427701,                                             427701, 23.045835494995117, -131.03746032714844
2508, 2163.0956524908543, 1, 6.503270663997682, 233, 427934,                                             427934, 23.402868270874023, -132.37794494628906
2509, 2099.9284860491753, 1, 5.5311273129991605, 199, 428133,                                             428133, 22.27840805053711, -132.56971740722656
2510, 1400.3021481335163, 1, 6.126557515999593, 217, 428350,                                             428350, 23.460039138793945, -132.04916381835938
2511, 1448.6914741396904, 1, 5.222149343000638, 198, 428548,                                             428548, 22.591794967651367, -131.593017578125
2512, 2343.2076718509197, 1, 3.5250225310010137, 110, 428658,                                             428658, 22.190446853637695, -136.89065551757812
2513, 1677.654459387064, 1, 7.100774236998404, 251, 428909,                                             428909, 22.82878303527832, -135.04933166503906
2514, 1549.0721834599972, 1, 5.730419438001263, 209, 429118,                                             429118, 22.068592071533203, -133.21763610839844
2515, 2097.9220282435417, 1, 4.902566222001042, 175, 429293,                                             429293, 23.961088180541992, -137.6795196533203
2516, -2395.0729393959045, 2, 0.9290633029995661, 30, 429323,                                             429323, 20.43257713317871, -137.39134216308594
2517, -2301.6879225969315, 2, 2.8994828189970576, 104, 429427,                                             429427, 20.54195785522461, -134.53858947753906
2518, -2384.3396489024162, 3, 3.1211880660011957, 110, 429537,                                             429537, 24.751184463500977, -136.0726776123047
2519, 2404.5132510066032, 1, 2.700879945001361, 93, 429630,                                             429630, 20.935943603515625, -137.6369171142578
2520, 2061.8769329190254, 1, 6.525134190997051, 233, 429863,                                             429863, 23.782861709594727, -136.8349609375
2521, 1535.575121551752, 1, 7.40352717100177, 275, 430138,                                             430138, 23.035097122192383, -136.8907470703125
2522, 2166.807728856802, 1, 4.701380616999813, 165, 430303,                                             430303, 22.41213607788086, -138.5338897705078
2523, -2322.3192048072815, 2, 1.7277204929996515, 64, 430367,                                             430367, 21.49366569519043, -133.64259338378906
2524, 2350.3581393659115, 1, 3.301332489998458, 117, 430484,                                             430484, 24.468242645263672, -141.5413818359375
2525, 2201.247069835663, 1, 2.731778198001848, 99, 430583,                                             430583, 22.85750389099121, -138.6237030029297
2526, 1982.1704117059708, 1, 3.8994416530003946, 137, 430720,                                             430720, 20.90810775756836, -137.84922790527344
2527, -2977.2813546061516, 2, 6.932451084001514, 255, 430975,                                             430975, 22.7883243560791, -140.90235900878906
2528, 2115.9459320008755, 1, 4.499804944996868, 155, 431130,                                             431130, 23.267745971679688, -142.54148864746094
2529, 1690.9344414621592, 1, 5.529583400002593, 199, 431329,                                             431329, 23.0850830078125, -141.82252502441406
2530, 1944.0219695568085, 1, 6.30162439200285, 222, 431551,                                             431551, 23.549734115600586, -142.75721740722656
2531, -3079.0863288640976, 3, 5.60183525499815, 203, 431754,                                             431754, 22.232919692993164, -142.86863708496094
2532, -2494.0727667808533, 2, 3.1280512229968735, 109, 431863,                                             431863, 23.858436584472656, -142.58103942871094
2533, 2057.603522181511, 1, 3.9276553870004136, 144, 432007,                                             432007, 23.3128662109375, -141.89962768554688
2534, -2473.1018684506416, 3, 3.9020041930016305, 136, 432143,                                             432143, 22.77967071533203, -143.4662628173828
2535, 2354.5850202441216, 1, 2.927973204998125, 105, 432248,                                             432248, 21.834388732910156, -141.9693145751953
2536, -2344.3624671697617, 3, 3.7034553730009065, 124, 432372,                                             432372, 24.76165771484375, -143.61341857910156
2537, 2257.7182188630104, 1, 4.504410135999933, 156, 432528,                                             432528, 23.433246612548828, -143.56060791015625
2538, 2132.08146199584, 1, 6.725901285000873, 245, 432773,                                             432773, 23.621841430664062, -142.7025604248047
2539, -2340.6818153858185, 2, 1.3000754190034058, 40, 432813,                                             432813, 24.056835174560547, -143.00296020507812
2540, 2391.1671881079674, 1, 1.907552365999436, 63, 432876,                                             432876, 24.40668296813965, -148.65199279785156
2541, 1213.8875029683113, 1, 6.378196368001227, 236, 433112,                                             433112, 23.132400512695312, -146.4201202392578
2542, 2025.9991143345833, 1, 6.900983616000303, 241, 433353,                                             433353, 24.364904403686523, -145.94998168945312
2543, 2281.4200405478477, 1, 2.9271760810006526, 109, 433462,                                             433462, 23.157276153564453, -149.174072265625
2544, -2535.3530425429344, 2, 4.5031079899999895, 159, 433621,                                             433621, 22.686723709106445, -144.22325134277344
2545, 2310.314136326313, 1, 3.7259821130028286, 135, 433756,                                             433756, 22.429058074951172, -148.71437072753906
2546, 2194.0940819382668, 1, 5.502234820996819, 198, 433954,                                             433954, 22.794963836669922, -147.50326538085938
2547, -2388.3823506832123, 3, 1.1270676339991041, 35, 433989,                                             433989, 23.722848892211914, -145.56077575683594
2548, 2355.586240440607, 1, 2.30037982399881, 73, 434062,                                             434062, 22.999584197998047, -147.12374877929688
2549, 1991.1921077668667, 1, 4.533220886998606, 162, 434224,                                             434224, 22.97029685974121, -146.94277954101562
2550, 2354.9113542437553, 1, 2.9295432370017807, 109, 434333,                                             434333, 24.478954315185547, -148.45724487304688
2551, 2359.3586554527283, 1, 2.875268946001597, 93, 434426,                                             434426, 21.68532943725586, -149.5374298095703
2552, -2356.2757166028023, 3, 3.9308491939991654, 146, 434572,                                             434572, 24.362747192382812, -149.6730499267578
2553, 2385.128399014473, 1, 1.7276576590011246, 60, 434632,                                             434632, 24.288944244384766, -147.08770751953125
2554, -2406.5750472545624, 2, 3.730539130003308, 132, 434764,                                             434764, 21.75900650024414, -147.13157653808594
2555, 2244.1042807400227, 1, 3.9316809070005547, 138, 434902,                                             434902, 24.179420471191406, -148.62973022460938
2556, -2367.4060088396072, 3, 4.3060464240006695, 154, 435056,                                             435056, 23.285778045654297, -149.9401092529297
2557, 2342.243570804596, 1, 1.9040775159992336, 57, 435113,                                             435113, 25.158796310424805, -150.90469360351562
2558, 2160.542463541031, 1, 2.530162093000399, 89, 435202,                                             435202, 24.4560489654541, -149.68736267089844
2559, 1618.667169868946, 1, 8.305036804998963, 296, 435498,                                             435498, 23.09271812438965, -151.8804931640625
2560, 1786.375865727663, 1, 8.534097395000572, 302, 435800,                                             435800, 23.810386657714844, -151.31591796875
2561, -2473.830182790756, 3, 0.8857126650000282, 30, 435830,                                             435830, 21.11348533630371, -158.6338348388672
2562, 2343.250604093075, 1, 2.098494505000417, 69, 435899,                                             435899, 23.1550235748291, -155.94384765625
2563, 936.3258588910103, 1, 7.9354338019984425, 292, 436191,                                             436191, 23.92171287536621, -152.98997497558594
2564, -2353.0522849559784, 2, 1.897201949999726, 56, 436247,                                             436247, 25.33003807067871, -155.16592407226562
2565, 2353.7342848181725, 1, 1.9274624659992696, 66, 436313,                                             436313, 23.40477180480957, -151.8490447998047
2566, 2214.0392083227634, 1, 4.729923161998158, 174, 436487,                                             436487, 23.3636531829834, -153.61363220214844
2567, 2224.318438023329, 1, 4.129372371997306, 149, 436636,                                             436636, 24.098155975341797, -154.3948516845703
2568, -2515.969023644924, 2, 4.90371242800029, 175, 436811,                                             436811, 24.293039321899414, -154.6722869873047
2569, 2332.947086453438, 1, 2.130489006998687, 76, 436887,                                             436887, 23.1076602935791, -158.0205078125
2570, 2220.501636147499, 1, 5.70053006300077, 197, 437084,                                             437084, 24.241371154785156, -156.55044555664062
2571, 2162.887024372816, 1, 5.052685768998344, 180, 437264,                                             437264, 22.220104217529297, -156.60699462890625
2572, 2082.974349439144, 1, 6.5324826649994066, 235, 437499,                                             437499, 24.220827102661133, -158.9427490234375
2573, 1680.867302954197, 1, 5.9013267750015075, 209, 437708,                                             437708, 24.735727310180664, -160.8198699951172
2574, 1392.6912825405598, 1, 6.328876223000407, 232, 437940,                                             437940, 24.214210510253906, -158.94187927246094
2575, -2316.4109803438187, 2, 2.5016904119984247, 78, 438018,                                             438018, 24.201963424682617, -161.3187713623047
2576, 2378.364877104759, 1, 2.5307020399995963, 70, 438088,                                             438088, 23.228609085083008, -159.8154296875
2577, 2108.95322445035, 1, 2.3261644929989416, 86, 438174,                                             438174, 24.636560440063477, -160.24783325195312
2578, 2234.373979613185, 1, 5.329244487002143, 188, 438362,                                             438362, 22.864503860473633, -159.33543395996094
2579, 1612.9201927781105, 1, 6.300670580003498, 225, 438587,                                             438587, 24.960979461669922, -160.4989776611328
2580, 1522.6903938353062, 1, 8.53215623000142, 310, 438897,                                             438897, 23.482145309448242, -161.5728759765625
2581, -2499.1538167595863, 3, 5.9789217120014655, 210, 439107,                                             439107, 23.363971710205078, -163.933349609375
2582, 2352.5481458306313, 1, 2.7265387269981147, 101, 439208,                                             439208, 23.140743255615234, -161.85081481933594
2583, 2273.014140024781, 1, 3.9256310719974863, 123, 439331,                                             439331, 23.64105224609375, -165.93507385253906
2584, 2225.5086965858936, 1, 3.899299364999024, 129, 439460,                                             439460, 24.754772186279297, -164.51382446289062
2585, -2432.3509828448296, 2, 3.325546564999968, 123, 439583,                                             439583, 22.796794891357422, -165.64263916015625
2586, 2371.462092667818, 1, 3.0995038239998394, 100, 439683,                                             439683, 23.355873107910156, -165.51658630371094
2587, 1449.5178532898426, 1, 3.930085706997488, 142, 439825,                                             439825, 23.28214454650879, -164.0325469970703
2588, 1484.5403618514538, 1, 5.526141906000703, 183, 440008,                                             440008, 23.10262107849121, -165.611083984375
2589, -2983.827833712101, 3, 5.505057016001956, 192, 440200,                                             440200, 24.726974487304688, -168.31455993652344
2590, 1949.4811249375343, 1, 3.5057049980023294, 115, 440315,                                             440315, 22.717702865600586, -166.39651489257812
2591, 1798.9675222933292, 1, 6.53677908699683, 232, 440547,                                             440547, 25.809219360351562, -167.2273406982422
2592, 2129.3091928362846, 1, 4.724066746999597, 173, 440720,                                             440720, 23.853010177612305, -167.06593322753906
2593, -2367.3606810569763, 3, 4.304375283001718, 153, 440873,                                             440873, 24.060441970825195, -168.94268798828125
2594, 2419.1727599799633, 1, 2.7047603170030925, 88, 440961,                                             440961, 24.534055709838867, -169.55918884277344
2595, 2336.331352978945, 1, 2.925608025998372, 100, 441061,                                             441061, 23.73062515258789, -170.56549072265625
2596, 1892.5408036261797, 1, 6.908801571000367, 243, 441304,                                             441304, 23.808454513549805, -171.0751190185547
2597, -2523.7397142648697, 3, 5.132322598998144, 186, 441490,                                             441490, 22.996505737304688, -169.71470642089844
2598, 1962.4476894140244, 1, 3.6995249149986194, 127, 441617,                                             441617, 22.508302688598633, -170.57949829101562
2599, -2900.193415760994, 3, 4.532170608999877, 163, 441780,                                             441780, 23.568809509277344, -174.30445861816406
2600, 2360.038272291422, 1, 2.1287363739975262, 74, 441854,                                             441854, 22.193309783935547, -170.9524383544922
2601, 2291.2616314888, 1, 2.897203399999853, 95, 441949,                                             441949, 23.418495178222656, -173.23715209960938
2602, 2315.6450395584106, 1, 3.331549835998885, 121, 442070,                                             442070, 23.9389705657959, -173.27711486816406
2603, 2135.602497279644, 1, 3.497186079999665, 119, 442189,                                             442189, 23.27499008178711, -173.89828491210938
2604, 2407.938098281622, 1, 2.3251091460006137, 80, 442269,                                             442269, 23.574649810791016, -175.84750366210938
2605, 2241.1937171518803, 1, 4.094756012000289, 140, 442409,                                             442409, 22.51813507080078, -176.22653198242188
2606, 2027.3042375445366, 1, 7.132136644002458, 255, 442664,                                             442664, 23.773223876953125, -173.98931884765625
2607, -2471.9655817747116, 2, 4.7009591160021955, 159, 442823,                                             442823, 25.76624870300293, -177.25787353515625
2608, 2391.7589936107397, 1, 1.9296017669985304, 68, 442891,                                             442891, 25.00794792175293, -178.41224670410156
2609, 2383.274078965187, 1, 2.497973159999674, 85, 442976,                                             442976, 23.33066749572754, -177.89854431152344
2610, 2217.3807712197304, 1, 2.732768161000422, 96, 443072,                                             443072, 22.977155685424805, -179.081298828125
2611, 2290.9950627088547, 1, 3.0692817409981217, 104, 443176,                                             443176, 21.43332290649414, -176.20301818847656
2612, -2836.0929358005524, 3, 5.739957227000559, 204, 443380,                                             443380, 24.03008270263672, -178.44252014160156
2613, -2386.4861268997192, 3, 3.3266961990011623, 117, 443497,                                             443497, 23.95036506652832, -178.245361328125
2614, 2352.906676709652, 1, 2.299885728996742, 74, 443571,                                             443571, 22.689748764038086, -182.708251953125
2615, 2205.2210608422756, 1, 2.931937884000945, 88, 443659,                                             443659, 24.453893661499023, -178.8571014404297
2616, 2123.8030426204205, 1, 6.928318550999393, 253, 443912,                                             443912, 22.67722511291504, -180.3407440185547
2617, 1541.172042697668, 1, 7.504701096000645, 268, 444180,                                             444180, 22.458595275878906, -182.3554229736328
2618, -2274.1627920269966, 3, 2.1290332800017495, 71, 444251,                                             444251, 23.106769561767578, -180.5184783935547
2619, 2434.008336663246, 1, 1.3258903089990781, 47, 444298,                                             444298, 21.542144775390625, -183.17306518554688
2620, 1723.553924113512, 1, 5.529392541000561, 199, 444497,                                             444497, 22.849027633666992, -183.4892578125
2621, 1164.87297514081, 1, 5.050954744998307, 173, 444670,                                             444670, 24.238224029541016, -183.69515991210938
2622, -3307.179214656353, 3, 3.531120114999794, 127, 444797,                                             444797, 23.27726173400879, -182.4671630859375
2623, 2372.1314502358437, 1, 3.2989594689970545, 111, 444908,                                             444908, 23.08955192565918, -185.03126525878906
2624, -2455.31562936306, 3, 1.930057173998648, 69, 444977,                                             444977, 22.299428939819336, -185.90225219726562
2625, -2825.6393473148346, 2, 2.901755299000797, 98, 445075,                                             445075, 25.485919952392578, -182.99191284179688
2626, 2387.446552634239, 1, 3.1292842750008276, 107, 445182,                                             445182, 23.091062545776367, -185.31417846679688
2627, -2675.1125539541245, 3, 2.898736617000395, 95, 445277,                                             445277, 25.443031311035156, -183.36468505859375
2628, 2256.051814764738, 1, 4.127493821997632, 146, 445423,                                             445423, 22.756921768188477, -189.0515899658203
2629, 2122.0172555446625, 1, 6.699987416002841, 232, 445655,                                             445655, 23.246871948242188, -187.78582763671875
2630, 2339.1118525862694, 1, 3.1290931760013336, 110, 445765,                                             445765, 23.53388214111328, -184.53903198242188
2631, 2311.5206457972527, 1, 2.9507326200000534, 95, 445860,                                             445860, 23.712669372558594, -189.9706268310547
2632, 2194.327466994524, 1, 3.5060021030003554, 123, 445983,                                             445983, 23.671449661254883, -189.1709442138672
2633, 2222.0683164596558, 1, 4.128772366999328, 150, 446133,                                             446133, 23.10810661315918, -192.14968872070312
2634, 2060.021518409252, 1, 4.699319621999166, 168, 446301,                                             446301, 23.321348190307617, -189.74359130859375
2635, 1905.5968194305897, 1, 5.131625591002376, 184, 446485,                                             446485, 24.408300399780273, -192.33056640625
2636, 2162.654987975955, 1, 4.902962166997895, 173, 446658,                                             446658, 23.81729507446289, -194.2390899658203
2637, 2322.290353477001, 1, 2.7231390029992326, 99, 446757,                                             446757, 23.360984802246094, -194.1349639892578
2638, 2372.4959934949875, 1, 2.9004391399976157, 96, 446853,                                             446853, 23.184293746948242, -193.16590881347656
2639, 2185.7012526392937, 1, 3.730214914001408, 137, 446990,                                             446990, 24.329397201538086, -192.75466918945312
2640, -2885.4125019311905, 2, 3.127734284997132, 110, 447100,                                             447100, 22.748994827270508, -196.19241333007812
2641, 2457.5511767864227, 1, 1.2110083930019755, 41, 447141,                                             447141, 25.39619255065918, -192.2417755126953
2642, -2375.638758778572, 2, 1.1015636940028344, 31, 447172,                                             447172, 21.099489212036133, -191.00234985351562
2643, 2265.8355861902237, 1, 3.3035994450001454, 113, 447285,                                             447285, 23.2838077545166, -195.68824768066406
2644, 2322.5255272984505, 1, 2.5301563180000812, 89, 447374,                                             447374, 24.05791664123535, -191.5795440673828
2645, 2111.860074341297, 1, 3.0989329180010827, 102, 447476,                                             447476, 25.647144317626953, -199.1678924560547
2646, 2080.4650542736053, 1, 2.7259330919987406, 94, 447570,                                             447570, 27.06077003479004, -199.73333740234375
2647, -2311.86120313406, 3, 3.0972329819996958, 104, 447674,                                             447674, 23.599674224853516, -197.07113647460938
2648, 2342.7329900860786, 1, 1.9245465899984993, 65, 447739,                                             447739, 21.661571502685547, -191.4054412841797
2649, -2486.5503267645836, 2, 2.7290396169992164, 97, 447836,                                             447836, 23.34202003479004, -199.85548400878906
2650, 2341.119839966297, 1, 3.301931906000391, 116, 447952,                                             447952, 23.039918899536133, -199.19927978515625
2651, 2114.1422679275274, 1, 6.568331256999954, 236, 448188,                                             448188, 21.874528884887695, -198.6248016357422
2652, 2283.00906381011, 1, 3.100976473000628, 101, 448289,                                             448289, 24.778573989868164, -200.9779510498047
2653, 1714.2979463934898, 1, 5.133888383003068, 187, 448476,                                             448476, 24.833829879760742, -197.6727752685547
2654, -2379.08822953701, 2, 2.100000545000512, 67, 448543,                                             448543, 20.81340217590332, -199.2255859375
2655, 2172.9187355935574, 1, 3.330635186001018, 120, 448663,                                             448663, 26.688547134399414, -199.8327178955078
2656, 1895.0717915296555, 1, 4.1018996159982635, 139, 448802,                                             448802, 23.091386795043945, -201.50845336914062
2657, 1768.3836888670921, 1, 7.536418546002096, 274, 449076,                                             449076, 24.30605697631836, -201.56719970703125
2658, 1851.953050673008, 1, 8.332713613999658, 296, 449372,                                             449372, 22.799087524414062, -203.9130859375
2659, -2834.046269953251, 2, 5.303149929000938, 183, 449555,                                             449555, 23.934188842773438, -204.45419311523438
2660, 2337.616415500641, 1, 2.937080887000775, 107, 449662,                                             449662, 24.25059700012207, -201.10659790039062
2661, 2268.4594829678535, 1, 3.204393281997909, 106, 449768,                                             449768, 23.17068862915039, -203.4052734375
2662, 2311.9715265631676, 1, 2.9073891600019124, 95, 449863,                                             449863, 24.202260971069336, -203.26556396484375
2663, 1605.9299497306347, 1, 5.334234292000474, 190, 450053,                                             450053, 26.165695190429688, -206.83729553222656
2664, -748.6976542472839, 5, 0.9313974090000556, 30, 450083,                                             450083, 22.37739372253418, -215.50552368164062
2665, 2365.8680330216885, 1, 2.900020080000104, 96, 450179,                                             450179, 22.936628341674805, -208.3219757080078
2666, 1507.1506524831057, 1, 4.33574053600023, 158, 450337,                                             450337, 24.17462921142578, -209.3650360107422
2667, -2473.1953575611115, 2, 5.125623487998382, 176, 450513,                                             450513, 23.73955726623535, -209.67637634277344
2668, -2185.236319422722, 3, 2.528406139001163, 83, 450596,                                             450596, 23.44534683227539, -208.37130737304688
2669, 2442.143193602562, 1, 1.4982839090007474, 47, 450643,                                             450643, 21.755268096923828, -211.48117065429688
2670, 1716.1396091282368, 1, 4.127150074000383, 151, 450794,                                             450794, 22.397777557373047, -209.47862243652344
2671, 1777.9530169963837, 1, 6.2658910370009835, 230, 451024,                                             451024, 25.384977340698242, -212.77777099609375
2672, 1838.0122925937176, 1, 6.105683323999983, 222, 451246,                                             451246, 24.32246971130371, -214.6068878173828
2673, 1573.708528995514, 1, 5.332074689002184, 192, 451438,                                             451438, 24.18549156188965, -210.82476806640625
2674, 2350.2982211112976, 1, 3.7019748160018935, 125, 451563,                                             451563, 23.125518798828125, -208.78858947753906
2675, -2501.912810087204, 2, 2.7062357979993976, 84, 451647,                                             451647, 22.0075740814209, -217.67466735839844
2676, 2106.928137332201, 1, 3.5350761790032266, 123, 451770,                                             451770, 25.274221420288086, -213.1936798095703
2677, 1913.5198512673378, 1, 5.500226857999223, 195, 451965,                                             451965, 24.102684020996094, -216.76480102539062
2678, 2222.8544849455357, 1, 3.930726398000843, 141, 452106,                                             452106, 24.307559967041016, -216.17642211914062
2679, 2305.2926592826843, 1, 3.301230396999017, 111, 452217,                                             452217, 24.190471649169922, -218.0380401611328
2680, 2024.8271825313568, 1, 4.30386551400079, 146, 452363,                                             452363, 25.255640029907227, -218.79005432128906
2681, -2500.438217163086, 2, 1.1948564640006225, 40, 452403,                                             452403, 22.07501792907715, -220.0496826171875
2682, 2306.9282377660275, 1, 4.100025174000621, 141, 452544,                                             452544, 24.702213287353516, -218.31996154785156
2683, 1563.728479385376, 1, 7.30920169700039, 260, 452804,                                             452804, 25.25148582458496, -219.39527893066406
2684, 1755.4687919914722, 1, 7.307084834999841, 257, 453061,                                             453061, 24.562427520751953, -220.30062866210938
2685, 1802.887814104557, 1, 3.7324128940017545, 133, 453194,                                             453194, 24.145999908447266, -220.44630432128906
2686, 1564.8853831291199, 1, 4.898983475999557, 171, 453365,                                             453365, 23.15601348876953, -222.16262817382812
2687, 2191.512360781431, 1, 4.933673152998381, 185, 453550,                                             453550, 24.756635665893555, -222.4628143310547
2688, 1078.9832410216331, 1, 7.105357090000325, 253, 453803,                                             453803, 24.85218048095703, -225.4424285888672
2689, 1640.1034392267466, 1, 8.308892043001833, 302, 454105,                                             454105, 25.384992599487305, -223.2591552734375
2690, 16.85206574201584, 1, 7.335872359999485, 262, 454367,                                             454367, 24.511106491088867, -223.60743713378906
2691, -3045.485546886921, 3, 5.799023190000298, 213, 454580,                                             454580, 24.632280349731445, -228.25682067871094
2692, 2452.0068870186806, 1, 1.3248255229991628, 45, 454625,                                             454625, 25.79241180419922, -227.04090881347656
2693, 2055.172972023487, 1, 2.9018712029974267, 98, 454723,                                             454723, 25.232105255126953, -229.64935302734375
2694, 1507.6803035736084, 1, 4.936711645001196, 180, 454903,                                             454903, 26.588918685913086, -228.60794067382812
2695, -2388.5958855748177, 2, 1.898615307, 62, 454965,                                             454965, 24.761289596557617, -231.95712280273438
2696, 2397.1816965937614, 1, 1.7298978470025759, 60, 455025,                                             455025, 27.6821231842041, -231.34478759765625
2697, 1852.9730721116066, 1, 4.100318887001777, 142, 455167,                                             455167, 24.173542022705078, -232.6226043701172
2698, 2063.651420891285, 1, 7.133432399001322, 243, 455410,                                             455410, 24.58121681213379, -230.85780334472656
2699, 2061.633869588375, 1, 6.328403317002085, 229, 455639,                                             455639, 24.22357177734375, -231.71612548828125
2700, -2168.9256674051285, 3, 2.529319730001589, 76, 455715,                                             455715, 25.24427032470703, -232.0518035888672
2701, 2349.294681072235, 1, 2.98184918500192, 101, 455816,                                             455816, 22.780071258544922, -231.29208374023438
2702, -2733.9749814271927, 3, 2.6997384349997446, 88, 455904,                                             455904, 23.60810661315918, -240.130126953125
2703, 2412.567678719759, 1, 2.533922110997082, 86, 455990,                                             455990, 26.08717155456543, -235.42539978027344
2704, 1708.789533495903, 1, 4.300884160998976, 149, 456139,                                             456139, 25.196205139160156, -238.10430908203125
2705, -2395.6403537392616, 2, 4.5245065210001485, 163, 456302,                                             456302, 24.542400360107422, -235.99679565429688
2706, 2344.699818253517, 1, 3.1275370010007464, 108, 456410,                                             456410, 21.928054809570312, -234.90480041503906
2707, 1626.4060555398464, 1, 6.5054098760010675, 223, 456633,                                             456633, 25.402891159057617, -236.0402374267578
2708, 2021.671229481697, 1, 4.103595593001955, 142, 456775,                                             456775, 25.024959564208984, -236.69503784179688
2709, 1937.8842091560364, 1, 6.333883095001511, 234, 457009,                                             457009, 23.820592880249023, -240.833740234375
2710, 1724.4425608962774, 1, 6.332155161002447, 223, 457232,                                             457232, 23.609375, -237.94107055664062
2711, -3032.5674313902855, 3, 4.340145884001686, 147, 457379,                                             457379, 23.05466651916504, -240.60719299316406
2712, 2296.411895662546, 1, 4.330908834999718, 149, 457528,                                             457528, 24.358627319335938, -246.7095947265625
2713, -2786.296224594116, 2, 4.503831650999928, 157, 457685,                                             457685, 24.42971420288086, -245.6514434814453
2714, -2385.873865902424, 3, 3.526919258001726, 124, 457809,                                             457809, 24.27254867553711, -242.61083984375
2715, 2356.4550292491913, 1, 1.898864707996836, 61, 457870,                                             457870, 25.670520782470703, -244.01393127441406
2716, 2145.924642160535, 1, 4.934957679000945, 172, 458042,                                             458042, 22.50952911376953, -243.777587890625
2717, 1911.072930842638, 1, 6.132377340996754, 222, 458264,                                             458264, 24.986717224121094, -245.4797821044922
2718, 1774.5198386907578, 1, 6.302571955999156, 221, 458485,                                             458485, 23.516674041748047, -245.24465942382812
2719, -2329.1619997024536, 2, 1.1008990430018457, 30, 458515,                                             458515, 25.521385192871094, -251.37669372558594
2720, -3511.1533187031746, 2, 4.728231922999839, 168, 458683,                                             458683, 24.69353675842285, -247.09378051757812
2721, 2366.346605539322, 1, 1.8203089840026223, 61, 458744,                                             458744, 23.727294921875, -243.9851531982422
2722, 2253.0467146337032, 1, 3.7310497450016555, 133, 458877,                                             458877, 25.114057540893555, -248.44166564941406
2723, -2326.2985501289368, 2, 1.7033657069987385, 53, 458930,                                             458930, 22.152708053588867, -246.53656005859375
2724, 2388.388510942459, 1, 1.9308176730010018, 64, 458994,                                             458994, 21.29747200012207, -248.89764404296875
2725, 2289.2552614808083, 1, 3.128160817999742, 98, 459092,                                             459092, 24.54886245727539, -252.57264709472656
2726, 2273.5376929342747, 1, 4.32548466300068, 157, 459249,                                             459249, 24.82608413696289, -248.19200134277344
2727, -2310.6493960618973, 3, 2.4987490300009085, 84, 459333,                                             459333, 23.258153915405273, -246.79022216796875
2728, -2647.63644272089, 2, 3.9285040440008743, 122, 459455,                                             459455, 22.509632110595703, -251.9740753173828
2729, 2362.707327246666, 1, 2.724721483002213, 99, 459554,                                             459554, 24.129209518432617, -247.48031616210938
2730, 2182.426872521639, 1, 4.133613247999165, 145, 459699,                                             459699, 24.075862884521484, -252.31405639648438
2731, 1773.5296514034271, 1, 2.672089555999264, 91, 459790,                                             459790, 22.5961856842041, -251.22471618652344
2732, -2904.9092113375664, 3, 5.331776862996776, 192, 459982,                                             459982, 23.38326072692871, -253.4474639892578
2733, 2357.1429065465927, 1, 1.9284549740004877, 67, 460049,                                             460049, 24.375146865844727, -255.40377807617188
2734, 2306.8947737514973, 1, 2.7002849220007192, 93, 460142,                                             460142, 25.89687728881836, -254.96449279785156
2735, -2226.8993248343468, 3, 1.9027005409989215, 56, 460198,                                             460198, 25.630855560302734, -252.5651092529297
2736, 2332.0736935436726, 1, 3.1265099000011105, 116, 460314,                                             460314, 23.39076805114746, -257.7976379394531
2737, -2997.6426399350166, 3, 5.300799536998966, 185, 460499,                                             460499, 23.672664642333984, -255.97799682617188
2738, 2365.5095369517803, 1, 2.7248809979973885, 98, 460597,                                             460597, 26.747495651245117, -256.05474853515625
2739, -2452.0026416778564, 2, 2.701425973998994, 90, 460687,                                             460687, 23.95151710510254, -253.05221557617188
2740, -2272.7365931272507, 2, 2.9041913239998394, 96, 460783,                                             460783, 24.988685607910156, -260.0472106933594
2741, 2367.7735264003277, 1, 3.0409957640003995, 103, 460886,                                             460886, 26.697877883911133, -255.67991638183594
2742, 2186.4057572335005, 1, 5.930671834998066, 213, 461099,                                             461099, 26.29147720336914, -258.5359802246094
2743, -2272.7766164541245, 3, 1.30021484000099, 35, 461134,                                             461134, 22.720430374145508, -264.77752685546875
2744, -2540.273116648197, 2, 4.7321792430011556, 168, 461302,                                             461302, 25.358675003051758, -262.14251708984375
2745, -2455.6102619171143, 2, 2.72816553499797, 93, 461395,                                             461395, 23.30394172668457, -260.0435485839844
2746, 2417.449926197529, 1, 2.329990377998911, 80, 461475,                                             461475, 24.11358642578125, -261.53753662109375
2747, 1515.3738787770271, 1, 6.706218190000072, 235, 461710,                                             461710, 25.967546463012695, -260.7232666015625
2748, 1527.745963782072, 1, 6.333189165001386, 227, 461937,                                             461937, 23.94929313659668, -265.0841064453125
2749, -2359.008561372757, 2, 1.497067688000243, 46, 461983,                                             461983, 26.776660919189453, -268.75555419921875
2750, -2359.6106864213943, 2, 2.531175591000647, 86, 462069,                                             462069, 26.02437973022461, -266.8724670410156
2751, -2364.974035859108, 3, 3.362737522998941, 112, 462181,                                             462181, 23.240631103515625, -264.28668212890625
2752, 2152.2769267857075, 1, 2.526644120000128, 90, 462271,                                             462271, 24.640453338623047, -265.8998107910156
2753, 2135.7219944000244, 1, 4.730180575999839, 170, 462441,                                             462441, 23.556978225708008, -263.6045227050781
2754, 2133.9792634546757, 1, 7.130839762001415, 246, 462687,                                             462687, 24.34881019592285, -266.9134826660156
2755, 2180.3449744284153, 1, 6.333353689999058, 227, 462914,                                             462914, 23.701536178588867, -267.4151916503906
2756, 2244.3583600223064, 1, 3.4988608750027197, 118, 463032,                                             463032, 28.146923065185547, -268.4082946777344
2757, 2377.6210944354534, 1, 3.331449656998302, 115, 463147,                                             463147, 24.94304656982422, -272.3376770019531
2758, -2604.751829147339, 3, 0.9275896850012941, 30, 463177,                                             463177, 26.066650390625, -268.69659423828125
2759, 1925.6264273226261, 1, 2.700109829998837, 94, 463271,                                             463271, 23.844951629638672, -270.38909912109375
2760, 713.4908022880554, 1, 8.934840812999028, 324, 463595,                                             463595, 25.206809997558594, -268.9380187988281
2761, -4029.798161506653, 2, 4.197452898999472, 141, 463736,                                             463736, 24.281766891479492, -267.5343933105469
2762, 2361.988033801317, 1, 1.7303821370005608, 61, 463797,                                             463797, 25.19046974182129, -270.2097473144531
2763, 2132.3722433149815, 1, 2.6987169649983116, 87, 463884,                                             463884, 24.36422348022461, -270.7347412109375
2764, 1770.923191010952, 1, 6.932625518998975, 253, 464137,                                             464137, 25.5222110748291, -273.39825439453125
2765, -2475.1311369538307, 3, 5.7019408750020375, 200, 464337,                                             464337, 23.308622360229492, -273.92926025390625
2766, 2368.6844894886017, 1, 1.9271389759996964, 62, 464399,                                             464399, 20.965654373168945, -275.9758605957031
2767, 2300.054850548506, 1, 3.73003234099815, 128, 464527,                                             464527, 23.048540115356445, -270.1854553222656
2768, -2921.698394179344, 2, 5.536197573001118, 202, 464729,                                             464729, 27.414941787719727, -276.8698425292969
2769, -2936.7292298078537, 2, 3.701218661000894, 125, 464854,                                             464854, 25.95794677734375, -273.0763854980469
2770, -2363.501333683729, 3, 3.305721633001667, 118, 464972,                                             464972, 21.89082145690918, -278.5669250488281
2771, 1934.6259837150574, 1, 3.1846591499997885, 110, 465082,                                             465082, 24.598745346069336, -278.6925354003906
2772, -3285.5452278852463, 3, 3.1035600369978056, 102, 465184,                                             465184, 26.174701690673828, -278.7225341796875
2773, -2285.6355096697807, 3, 2.9299350869987393, 101, 465285,                                             465285, 25.54814910888672, -281.11572265625
2774, 2109.4018913805485, 1, 4.502333128999453, 156, 465441,                                             465441, 26.467227935791016, -280.87554931640625
2775, 1477.5331168472767, 1, 4.705042197001603, 163, 465604,                                             465604, 24.060522079467773, -280.4230041503906
2776, -2785.379013836384, 3, 4.106176544999471, 142, 465746,                                             465746, 26.470142364501953, -280.1635437011719
2777, 1902.3467568457127, 1, 3.1323481510007696, 114, 465860,                                             465860, 24.98387336730957, -280.7197570800781
2778, 1692.7365690618753, 1, 6.301764316001936, 222, 466082,                                             466082, 23.65498924255371, -279.805419921875
2779, 2226.317719131708, 1, 4.104839586998423, 139, 466221,                                             466221, 22.650936126708984, -280.3250427246094
2780, 2181.594929561019, 1, 5.706747692998761, 199, 466420,                                             466420, 25.622058868408203, -283.0386657714844
2781, -2387.4671173095703, 2, 0.9404482079989975, 30, 466450,                                             466450, 23.257959365844727, -276.7079162597656
2782, 2395.5077738165855, 1, 2.3292760029980855, 84, 466534,                                             466534, 26.098094940185547, -282.00286865234375
2783, 1883.6748216599226, 1, 6.506375077002303, 225, 466759,                                             466759, 24.294273376464844, -284.8177490234375
2784, 2329.2882274091244, 1, 3.5323876030015526, 127, 466886,                                             466886, 24.147174835205078, -285.76214599609375
2785, 2172.860655039549, 1, 6.304013033000956, 217, 467103,                                             467103, 25.61568832397461, -287.52777099609375
2786, 1718.0349647700787, 1, 5.7344974980005645, 204, 467307,                                             467307, 23.479372024536133, -288.5553894042969
2787, 2290.4599311053753, 1, 2.8985841579997214, 95, 467402,                                             467402, 25.5092716217041, -286.2619323730469
2788, 1889.4126382172108, 1, 4.929876256999705, 174, 467576,                                             467576, 24.72960090637207, -288.3072814941406
2789, 1726.0107976794243, 1, 4.70117670000036, 162, 467738,                                             467738, 23.077117919921875, -291.1754455566406
2790, -2351.1101670861244, 3, 3.9407848740011104, 140, 467878,                                             467878, 22.51234245300293, -291.38287353515625
2791, 2069.270038187504, 1, 3.620745836000424, 120, 467998,                                             467998, 26.324729919433594, -290.97906494140625
2792, 1515.899601906538, 1, 6.332744884999556, 232, 468230,                                             468230, 25.555007934570312, -293.95355224609375
2793, -2192.849379181862, 2, 1.4986454040008539, 42, 468272,                                             468272, 26.035232543945312, -299.466796875
2794, -2622.6139591932297, 2, 3.1313871659986035, 108, 468380,                                             468380, 23.964040756225586, -295.4819030761719
2795, 2334.031461521983, 1, 3.098383662003471, 102, 468482,                                             468482, 26.39655303955078, -292.19537353515625
2796, -2578.312625646591, 3, 2.3319852749991696, 85, 468567,                                             468567, 26.93885612487793, -294.60552978515625
2797, 2261.089561134577, 1, 4.302707074002683, 149, 468716,                                             468716, 26.798608779907227, -292.7041320800781
2798, 1793.8089184761047, 1, 5.931066082001053, 207, 468923,                                             468923, 23.681503295898438, -294.849609375
2799, -2287.586757481098, 3, 4.500491787002829, 148, 469071,                                             469071, 23.70046615600586, -295.0658264160156
2800, -2157.529068827629, 3, 2.3303930510010105, 83, 469154,                                             469154, 23.053874969482422, -295.40191650390625
2801, 2371.7487559318542, 1, 1.7970708039974852, 60, 469214,                                             469214, 23.513416290283203, -295.98858642578125
2802, -2601.6906641721725, 2, 2.70303319300001, 91, 469305,                                             469305, 23.863597869873047, -296.3763427734375
2803, 2286.0763275176287, 1, 3.9238971790000505, 136, 469441,                                             469441, 26.802566528320312, -296.5877990722656
2804, -2687.540274500847, 2, 5.706669063998561, 194, 469635,                                             469635, 24.590667724609375, -298.2093200683594
2805, -2404.4130125641823, 3, 3.1203081009989546, 107, 469742,                                             469742, 25.578392028808594, -296.10467529296875
2806, 2291.712723493576, 1, 2.7287093960003403, 98, 469840,                                             469840, 22.705669403076172, -296.44769287109375
2807, 1963.6684352755547, 1, 4.529870012000174, 159, 469999,                                             469999, 24.59138298034668, -296.5013122558594
2808, 1911.3806328475475, 1, 5.900616683000408, 206, 470205,                                             470205, 24.845006942749023, -300.5658264160156
2809, -2862.849094927311, 2, 4.333566549001262, 149, 470354,                                             470354, 24.35009765625, -298.24468994140625
2810, 2163.14962425828, 1, 3.725888840999687, 117, 470471,                                             470471, 26.73141860961914, -302.9056091308594
2811, 2213.0956094264984, 1, 4.435406688997318, 160, 470631,                                             470631, 24.23940086364746, -300.9609680175781
2812, 1955.6108671426773, 1, 5.1020907210004225, 175, 470806,                                             470806, 24.892343521118164, -304.3343200683594
2813, 1354.8452173769474, 1, 6.336630826997862, 233, 471039,                                             471039, 26.408784866333008, -301.9058532714844
2814, -2396.658605337143, 2, 1.8979204630013555, 54, 471093,                                             471093, 23.326045989990234, -303.1938781738281
2815, 2137.120337277651, 1, 3.5295967950005434, 124, 471217,                                             471217, 24.84991455078125, -304.53546142578125
2816, 1598.028098642826, 1, 3.502156765000109, 119, 471336,                                             471336, 25.544342041015625, -306.37786865234375
2817, 2299.5104347765446, 1, 3.5317004339995037, 125, 471461,                                             471461, 23.81529426574707, -304.2121887207031
2818, 1847.6945068240166, 1, 5.502783056002954, 191, 471652,                                             471652, 24.42011070251465, -304.8324279785156
2819, 1288.391113370657, 1, 7.308200097002555, 257, 471909,                                             471909, 23.47123146057129, -307.70849609375
2820, 1402.3557913303375, 1, 3.7324628499991377, 128, 472037,                                             472037, 26.56885528564453, -311.6505126953125
2821, 1845.7616040110588, 1, 2.858379478999268, 90, 472127,                                             472127, 26.12204933166504, -306.6152038574219
2822, 1934.4295502901077, 1, 5.934860071000003, 208, 472335,                                             472335, 24.11656379699707, -306.812255859375
2823, 1786.4366206526756, 1, 4.931572842000605, 180, 472515,                                             472515, 23.933156967163086, -308.1402587890625
2824, 2203.3863545656204, 1, 5.702760110998497, 200, 472715,                                             472715, 24.679821014404297, -307.448486328125
2825, 1700.4265826493502, 1, 6.710025309999764, 232, 472947,                                             472947, 24.909929275512695, -314.4623718261719
2826, 1948.9266615360975, 1, 6.934094059000927, 252, 473199,                                             473199, 23.961389541625977, -311.0390930175781
2827, 2057.2153509259224, 1, 3.6990011940033583, 124, 473323,                                             473323, 25.498497009277344, -310.7218322753906
2828, 2261.896062761545, 1, 4.534522780999396, 159, 473482,                                             473482, 23.110721588134766, -314.0317687988281
2829, -2237.220456123352, 2, 1.2930751559979399, 39, 473521,                                             473521, 20.649269104003906, -314.0890808105469
2830, -2427.0492257475853, 2, 2.9040468560015142, 95, 473616,                                             473616, 28.21629524230957, -314.83050537109375
2831, 2389.072652757168, 1, 1.8930501649992948, 61, 473677,                                             473677, 28.118000030517578, -314.05419921875
2832, 2028.1388225853443, 1, 2.4995655799975793, 80, 473757,                                             473757, 25.60162925720215, -316.08038330078125
2833, 1884.2523276507854, 1, 5.906621438000002, 204, 473961,                                             473961, 25.965932846069336, -316.2742919921875
2834, 2183.627254217863, 1, 5.5356278069994005, 195, 474156,                                             474156, 23.019792556762695, -316.27557373046875
2835, -2751.06553375721, 3, 5.899818636000418, 200, 474356,                                             474356, 24.921031951904297, -316.9833984375
2836, 2374.7342463582754, 1, 3.3416717399995832, 117, 474473,                                             474473, 24.391359329223633, -315.9951171875
2837, -2366.1284915208817, 3, 1.734239658999286, 61, 474534,                                             474534, 22.394939422607422, -320.36358642578125
2838, 1510.484238743782, 1, 4.73225156099943, 167, 474701,                                             474701, 23.706212997436523, -319.3182678222656
2839, 2140.318424105644, 1, 6.499214938001387, 233, 474934,                                             474934, 23.904130935668945, -315.9056396484375
2840, 2328.038721129298, 1, 2.7317605770003865, 95, 475029,                                             475029, 24.971057891845703, -317.6382141113281
2841, 1558.953164190054, 1, 3.88103500500074, 136, 475165,                                             475165, 25.766637802124023, -319.61590576171875
2842, -2265.0659999251366, 3, 2.300774266997905, 75, 475240,                                             475240, 23.7528018951416, -323.1041259765625
2843, -3588.14306139946, 2, 5.13377667199893, 180, 475420,                                             475420, 25.43284034729004, -321.7063903808594
2844, 2378.1946850717068, 1, 3.0996425579978677, 103, 475523,                                             475523, 24.56161880493164, -321.85614013671875
2845, -2535.062153339386, 3, 2.130358251000871, 70, 475593,                                             475593, 23.684724807739258, -321.7869873046875
2846, -2501.504103243351, 2, 2.898804533000657, 99, 475692,                                             475692, 22.799747467041016, -324.9025573730469
2847, 2285.9131762981415, 1, 3.5328212390013505, 126, 475818,                                             475818, 24.0447998046875, -323.50677490234375
2848, 2006.6112551987171, 1, 7.102798119998624, 256, 476074,                                             476074, 24.310606002807617, -325.0577697753906
2849, 2028.5714437067509, 1, 3.527025045998016, 121, 476195,                                             476195, 24.409893035888672, -324.7432861328125
2850, -2343.6878381967545, 3, 3.9314130780003325, 140, 476335,                                             476335, 25.14474105834961, -326.26959228515625
2851, 1913.6449856758118, 1, 3.0264538989977154, 109, 476444,                                             476444, 24.138303756713867, -327.921630859375
2852, 1703.5040296018124, 1, 3.5007090589970176, 117, 476561,                                             476561, 24.64277458190918, -328.8117980957031
2853, -2430.6435502767563, 2, 4.535920785998314, 162, 476723,                                             476723, 24.73339080810547, -326.5772705078125
2854, 2293.121094584465, 1, 3.7340332359999593, 132, 476855,                                             476855, 23.469066619873047, -324.883056640625
2855, 1820.1910628974438, 1, 7.502632446998177, 259, 477114,                                             477114, 24.41123390197754, -324.95831298828125
2856, -2350.127943098545, 3, 2.331822763000673, 79, 477193,                                             477193, 23.295759201049805, -326.9472351074219
2857, 2228.477225035429, 1, 2.9007224810011394, 98, 477291,                                             477291, 25.112117767333984, -329.1043701171875
2858, -3168.451026201248, 3, 4.934028022002167, 171, 477462,                                             477462, 25.838733673095703, -327.52484130859375
2859, 2368.6117870509624, 1, 3.097541552000621, 102, 477564,                                             477564, 22.53711700439453, -327.763916015625
2860, -2336.3345304727554, 3, 1.7311079690007318, 61, 477625,                                             477625, 21.643461227416992, -331.83245849609375
2861, 2268.568666726351, 1, 4.209286936002172, 145, 477770,                                             477770, 27.03404998779297, -330.314208984375
2862, 709.3253915011883, 1, 8.935737502997654, 318, 478088,                                             478088, 25.598581314086914, -329.46331787109375
2863, -2765.3678233623505, 3, 4.500210179001442, 156, 478244,                                             478244, 25.11005973815918, -328.7126770019531
2864, 1877.2362407147884, 1, 3.126135290000093, 111, 478355,                                             478355, 24.623210906982422, -330.34173583984375
2865, -2926.6939564943314, 3, 3.1021425789986097, 97, 478452,                                             478452, 25.237396240234375, -329.3468933105469
2866, 2362.6559701263905, 1, 2.7325499830003537, 96, 478548,                                             478548, 24.1472110748291, -330.1018371582031
2867, -3043.0507048368454, 3, 3.102580877002765, 104, 478652,                                             478652, 23.93831443786621, -333.4668273925781
2868, -2750.387231349945, 3, 3.505379135000112, 114, 478766,                                             478766, 25.530061721801758, -330.1792907714844
2869, -2379.6820100545883, 3, 2.931814253999619, 99, 478865,                                             478865, 26.014907836914062, -331.7190246582031
2870, 2381.3192748725414, 1, 2.1262062470013916, 62, 478927,                                             478927, 26.80413055419922, -337.3675537109375
2871, 2276.0082803964615, 1, 2.8346382710005855, 97, 479024,                                             479024, 23.83715057373047, -337.1785583496094
2872, 2404.6733782291412, 1, 2.4999973910016706, 82, 479106,                                             479106, 25.479658126831055, -332.23919677734375
2873, 1296.3150889873505, 1, 8.132814483997208, 289, 479395,                                             479395, 25.22562026977539, -336.75177001953125
2874, 1675.0920825600624, 1, 5.702656639001361, 195, 479590,                                             479590, 25.131460189819336, -336.31646728515625
2875, -2740.036943614483, 3, 3.733516377000342, 131, 479721,                                             479721, 25.1970272064209, -338.1087341308594
2876, 2383.788698852062, 1, 2.930219121000846, 109, 479830,                                             479830, 24.88334846496582, -337.82769775390625
2877, -2387.0977412462234, 2, 1.5323075750020507, 57, 479887,                                             479887, 24.3219051361084, -341.277099609375
2878, -2385.47864484787, 2, 2.4972535319975577, 82, 479969,                                             479969, 23.2672176361084, -336.0550537109375
2879, 2437.3080046772957, 1, 1.3305544720024045, 44, 480013,                                             480013, 23.93733024597168, -347.3556823730469
2880, 2377.4913803339005, 1, 2.699839543998678, 89, 480102,                                             480102, 23.560653686523438, -345.0748596191406
2881, 2331.5965551137924, 1, 2.769393129998207, 100, 480202,                                             480202, 23.862024307250977, -334.97113037109375
2882, 2293.5486294031143, 1, 3.3279746789994533, 103, 480305,                                             480305, 23.528518676757812, -338.5462341308594
2883, 1486.9710930585861, 1, 6.329164422000758, 222, 480527,                                             480527, 24.786502838134766, -337.987548828125
2884, 2243.6912276148796, 1, 4.302435462999711, 142, 480669,                                             480669, 24.82874298095703, -338.7079772949219
2885, 2389.6160078048706, 1, 3.304881217001821, 111, 480780,                                             480780, 22.667156219482422, -339.9308166503906
2886, -2429.5048456192017, 2, 3.1045987909965334, 99, 480879,                                             480879, 26.53197479248047, -341.1468200683594
2887, -2353.780731320381, 2, 2.1321339860005537, 76, 480955,                                             480955, 22.016355514526367, -340.7081604003906
2888, 2447.047929048538, 1, 1.3282632500013278, 45, 481000,                                             481000, 22.536800384521484, -340.6950378417969
2889, -2553.499873816967, 3, 3.0998515309984214, 102, 481102,                                             481102, 25.316741943359375, -339.8234558105469
2890, 2031.402434796095, 1, 2.731884837998223, 91, 481193,                                             481193, 23.63789176940918, -339.72869873046875
2891, -2496.933902978897, 2, 4.103780041001301, 139, 481332,                                             481332, 25.94704818725586, -336.3872985839844
2892, 2284.968136280775, 1, 3.9361854389971995, 140, 481472,                                             481472, 26.11429786682129, -339.6121520996094
2893, -2628.992404997349, 3, 3.497618629000499, 117, 481589,                                             481589, 24.849594116210938, -344.3182067871094
2894, 2190.57009857893, 1, 3.325709007000114, 112, 481701,                                             481701, 23.943246841430664, -339.8152770996094
2895, 2284.876382827759, 1, 3.299159761001647, 113, 481814,                                             481814, 24.651418685913086, -342.7989501953125
2896, 1858.7705134153366, 1, 3.7293036689989094, 128, 481942,                                             481942, 24.95329475402832, -340.7147521972656
2897, -2272.163413167, 3, 2.0993418039979588, 67, 482009,                                             482009, 23.014568328857422, -341.7176513671875
2898, 2429.8340727090836, 1, 1.5249257719988236, 49, 482058,                                             482058, 24.523794174194336, -347.25146484375
2899, 2334.87966632843, 1, 2.9000015890014765, 93, 482151,                                             482151, 24.924352645874023, -343.24359130859375
2900, 2326.6570505797863, 1, 2.930598220998945, 101, 482252,                                             482252, 27.036630630493164, -345.2480773925781
2901, 2321.0511058419943, 1, 3.942955297003209, 134, 482386,                                             482386, 23.920320510864258, -340.75592041015625
2902, 2223.377981364727, 1, 3.5332804410027165, 129, 482515,                                             482515, 26.3430118560791, -345.1562194824219
2903, 2239.7981784641743, 1, 6.100237679998827, 215, 482730,                                             482730, 22.73325538635254, -343.77398681640625
2904, 2204.0754981637, 1, 5.533644328999799, 195, 482925,                                             482925, 25.98740005493164, -345.80548095703125
2905, 2313.6805894374847, 1, 2.7008436780015472, 88, 483013,                                             483013, 25.412635803222656, -346.5622863769531
2906, 2224.912099689245, 1, 4.506096850000176, 156, 483169,                                             483169, 24.85524559020996, -345.73681640625
2907, 1696.3102225661278, 1, 4.335667957999249, 152, 483321,                                             483321, 26.001340866088867, -346.22869873046875
2908, -2755.165764570236, 2, 4.100395313002082, 137, 483458,                                             483458, 26.19275665283203, -346.06463623046875
2909, 2331.09892141819, 1, 2.9318357789998117, 97, 483555,                                             483555, 23.846988677978516, -347.6551513671875
2910, -2356.0965094566345, 2, 2.501547064999613, 79, 483634,                                             483634, 25.758039474487305, -344.9686279296875
2911, 2470.579531222582, 1, 1.2624341760019888, 42, 483676,                                             483676, 25.673368453979492, -350.96490478515625
2912, 1468.953782826662, 1, 5.302308076999907, 184, 483860,                                             483860, 26.257461547851562, -349.972900390625
2913, 1308.550148844719, 1, 6.906478484001127, 237, 484097,                                             484097, 25.238183975219727, -348.6731872558594
2914, 1653.7766236662865, 1, 3.73167289200137, 134, 484231,                                             484231, 24.78182601928711, -347.0467529296875
2915, -2346.57759809494, 3, 2.903572567000083, 97, 484328,                                             484328, 24.594867706298828, -345.72930908203125
2916, 2286.120329082012, 1, 3.131038677998731, 110, 484438,                                             484438, 25.316957473754883, -350.35498046875
2917, 2193.703408777714, 1, 2.499889348000579, 77, 484515,                                             484515, 27.25922393798828, -349.5294189453125
2918, 2183.3343381881714, 1, 6.133290804002172, 219, 484734,                                             484734, 23.99248695373535, -352.5823974609375
2919, 1833.9714817404747, 1, 5.700881819000642, 198, 484932,                                             484932, 24.84616470336914, -345.3809509277344
2920, -2549.2159714996815, 3, 6.7344646740020835, 248, 485180,                                             485180, 22.967899322509766, -350.8946838378906
2921, 2371.2402450740337, 1, 2.829896508999809, 101, 485281,                                             485281, 24.03497886657715, -353.607666015625
2922, 1726.0387915372849, 1, 6.3018877299982705, 216, 485497,                                             485497, 24.42166519165039, -349.0841369628906
2923, -2423.361489534378, 2, 2.525712268998177, 84, 485581,                                             485581, 26.234365463256836, -351.6988220214844
2924, 2424.4705452024937, 1, 2.4997087090014247, 79, 485660,                                             485660, 22.717750549316406, -346.6467590332031
2925, -2554.146891117096, 2, 4.935008406999259, 173, 485833,                                             485833, 25.319007873535156, -353.73016357421875
2926, 2376.3431870937347, 1, 2.8994024120001995, 95, 485928,                                             485928, 24.27127456665039, -351.7676696777344
2927, 2159.3829478621483, 1, 5.933745754999109, 213, 486141,                                             486141, 24.866718292236328, -351.9161682128906
2928, 1994.1225226223469, 1, 6.729195960000652, 228, 486369,                                             486369, 24.654605865478516, -356.0733337402344
2929, 1839.3266085982323, 1, 2.7287784600011946, 92, 486461,                                             486461, 25.49897003173828, -354.83514404296875
2930, -2745.8194608688354, 3, 1.102675692000048, 31, 486492,                                             486492, 25.711210250854492, -362.3836364746094
2931, 2260.1286955475807, 1, 4.011808594001195, 140, 486632,                                             486632, 25.720378875732422, -349.110595703125
2932, -2364.6963807344437, 2, 2.299194344999705, 69, 486701,                                             486701, 28.39995574951172, -351.2055358886719
2933, 2357.976421236992, 1, 1.9269151429980411, 63, 486764,                                             486764, 22.95090103149414, -359.9473571777344
2934, 2093.817932665348, 1, 2.8994881059988984, 95, 486859,                                             486859, 23.377979278564453, -355.3933410644531
2935, 641.1277910470963, 1, 7.132868692999182, 255, 487114,                                             487114, 24.358869552612305, -354.3242492675781
2936, -2404.5571665763855, 2, 1.4997465460000967, 45, 487159,                                             487159, 22.477109909057617, -354.2428894042969
2937, 2457.006799995899, 1, 1.322670810001, 41, 487200,                                             487200, 26.5128173828125, -351.93310546875
2938, 2394.4309844374657, 1, 2.499910071001068, 84, 487284,                                             487284, 26.399459838867188, -353.13189697265625
2939, 2277.539421737194, 1, 2.703369233000558, 87, 487371,                                             487371, 24.6814022064209, -352.2021484375
2940, 2295.5753601044416, 1, 3.3333991639992746, 117, 487488,                                             487488, 24.7720890045166, -354.5004577636719
2941, 1781.1944866627455, 1, 7.331694057997083, 258, 487746,                                             487746, 23.545866012573242, -356.3185119628906
2942, 1767.470728814602, 1, 4.302501856000163, 142, 487888,                                             487888, 24.035844802856445, -356.2632751464844
2943, 2208.46263808012, 1, 2.7339507220021915, 90, 487978,                                             487978, 23.594675064086914, -355.0437316894531
2944, -2391.4070434570312, 3, 4.303540362998319, 143, 488121,                                             488121, 26.3504638671875, -355.8476867675781
2945, 2457.8035321831703, 1, 1.3326239449997956, 44, 488165,                                             488165, 25.506431579589844, -350.1207275390625
2946, -2257.761279821396, 2, 1.0982146079986705, 31, 488196,                                             488196, 25.250276565551758, -362.47113037109375
2947, -5107.097214341164, 2, 7.330136045999097, 262, 488458,                                             488458, 24.65205955505371, -357.96630859375
2948, 1986.1725117862225, 1, 3.9290595540005597, 144, 488602,                                             488602, 25.233497619628906, -355.28338623046875
2949, 2296.948177367449, 1, 3.7319152370000666, 132, 488734,                                             488734, 23.338634490966797, -358.4571838378906
2950, 2154.798530012369, 1, 3.095904552999855, 102, 488836,                                             488836, 23.72430992126465, -359.1676940917969
2951, 2358.9508473724127, 1, 3.2921504949990776, 111, 488947,                                             488947, 25.2579288482666, -357.16107177734375
2952, -2401.248069524765, 2, 3.138315545002115, 107, 489054,                                             489054, 25.68790626525879, -360.17657470703125
2953, -2273.4678369760513, 3, 2.6996021420018224, 86, 489140,                                             489140, 26.12065887451172, -361.318359375
2954, 2363.23121252656, 1, 1.923899204000918, 64, 489204,                                             489204, 21.96415138244629, -360.9364929199219
2955, -2384.7175481319427, 2, 2.704809310998826, 91, 489295,                                             489295, 24.599254608154297, -359.50469970703125
2956, 2388.573000192642, 1, 1.5337823789996037, 55, 489350,                                             489350, 26.0377254486084, -356.9239196777344
2957, 2217.779316365719, 1, 3.528771092001989, 109, 489459,                                             489459, 25.57834815979004, -359.02789306640625
2958, -397.8680021762848, 5, 1.9268344189986237, 64, 489523,                                             489523, 24.619361877441406, -356.975341796875
2959, -2348.113764703274, 2, 3.3320825270020578, 120, 489643,                                             489643, 24.592493057250977, -354.5802001953125
2960, 2393.5034247636795, 1, 1.8990963340002054, 56, 489699,                                             489699, 24.514022827148438, -359.13934326171875
2961, -2315.7085736989975, 3, 3.6882976240012795, 121, 489820,                                             489820, 25.28839111328125, -362.59954833984375
2962, 2070.627220451832, 1, 2.9289334540007985, 101, 489921,                                             489921, 23.039291381835938, -359.6504211425781
2963, 2175.110001295805, 1, 6.300967164999747, 218, 490139,                                             490139, 24.258033752441406, -362.70556640625
2964, -2337.685734987259, 3, 1.1033053009996365, 30, 490169,                                             490169, 24.32918930053711, -353.5585632324219
2965, 2361.9443258941174, 1, 1.725999652997416, 58, 490227,                                             490227, 26.970264434814453, -360.7597351074219
2966, 1824.238998413086, 1, 4.300768593999237, 147, 490374,                                             490374, 24.1143798828125, -357.3808898925781
2967, 1670.0418028309941, 1, 8.5435362850003, 310, 490684,                                             490684, 24.514137268066406, -359.97247314453125
2968, 1772.182968556881, 1, 6.295501382999646, 214, 490898,                                             490898, 24.82227325439453, -360.9849853515625
2969, 2252.7881480157375, 1, 3.333343825997872, 117, 491015,                                             491015, 25.386259078979492, -363.94677734375
2970, 1960.0212798714638, 1, 4.500284734000161, 152, 491167,                                             491167, 26.036731719970703, -361.6800842285156
2971, -2373.2191649079323, 3, 1.4902645559996017, 52, 491219,                                             491219, 26.78813934326172, -358.8734130859375
2972, 1846.647798806429, 1, 3.1318465859985736, 112, 491331,                                             491331, 25.067276000976562, -363.5646057128906
2973, 2264.1567946374416, 1, 2.6978603460011072, 88, 491419,                                             491419, 24.349828720092773, -360.81207275390625
2974, 2263.405258655548, 1, 3.3338673090001976, 102, 491521,                                             491521, 25.366907119750977, -360.86297607421875
2975, 1777.9190955758095, 1, 6.537909143000434, 214, 491735,                                             491735, 24.997116088867188, -365.71356201171875
2976, -2238.4345747232437, 2, 1.129462823002541, 36, 491771,                                             491771, 21.623594284057617, -363.3929748535156
2977, 2024.5784317553043, 1, 5.108508689998416, 153, 491924,                                             491924, 28.055999755859375, -366.2808532714844
2978, 1291.2656654119492, 1, 5.926618600002257, 201, 492125,                                             492125, 25.316370010375977, -365.71533203125
2979, 2249.2804393172264, 1, 3.9370808669991675, 139, 492264,                                             492264, 23.192338943481445, -363.7097473144531
2980, -2231.2370175123215, 3, 1.2976417039972148, 37, 492301,                                             492301, 27.417280197143555, -363.04656982421875
2981, -2442.1884065270424, 2, 3.312709483998333, 112, 492413,                                             492413, 25.280630111694336, -363.9856262207031
2982, 2381.481738001108, 1, 3.3002438520015858, 107, 492520,                                             492520, 24.62887191772461, -358.8835754394531
2983, 1660.6232415437698, 1, 5.736083419000352, 205, 492725,                                             492725, 23.993722915649414, -366.382080078125
2984, 2101.985917046666, 1, 6.105009727998549, 209, 492934,                                             492934, 24.701108932495117, -368.4128723144531
2985, 2042.9667339324951, 1, 2.5324358379984915, 82, 493016,                                             493016, 23.85359001159668, -365.32415771484375
2986, -3068.854582130909, 2, 3.5016140910011018, 117, 493133,                                             493133, 25.59878158569336, -368.9734191894531
2987, 2104.442432373762, 1, 2.5250118629992357, 89, 493222,                                             493222, 25.56792640686035, -365.0093688964844
2988, 1982.7682565450668, 1, 4.503249227000197, 154, 493376,                                             493376, 25.80888557434082, -366.9669189453125
2989, 1783.7582647949457, 1, 6.534860756000853, 230, 493606,                                             493606, 26.756492614746094, -367.5218200683594
2990, 2149.9957506656647, 1, 4.100646438000695, 139, 493745,                                             493745, 25.505205154418945, -363.8464660644531
2991, 1403.6677597016096, 1, 6.719645885998034, 239, 493984,                                             493984, 24.59285545349121, -362.4804382324219
2992, 988.0244943499565, 1, 8.306767525999021, 293, 494277,                                             494277, 24.47949981689453, -365.23052978515625
2993, -2403.8546957969666, 3, 1.1024862279991794, 30, 494307,                                             494307, 23.9658260345459, -367.3609924316406
2994, 2049.383402198553, 1, 3.7368098240003746, 126, 494433,                                             494433, 23.485733032226562, -367.63616943359375
2995, 1644.5498601794243, 1, 6.103664629998093, 207, 494640,                                             494640, 24.316722869873047, -368.91552734375
2996, 2233.299643546343, 1, 3.7336620210007823, 132, 494772,                                             494772, 24.897659301757812, -369.49853515625
2997, 2080.2135104238987, 1, 2.9000463990014396, 94, 494866,                                             494866, 20.16577911376953, -367.953369140625
2998, 1651.1508392989635, 1, 7.1355736710029305, 252, 495118,                                             495118, 25.261659622192383, -369.5401611328125
2999, 1254.7851084917784, 1, 8.139258838000387, 274, 495392,                                             495392, 24.93551254272461, -365.8908386230469
3000, 2169.0232858657837, 1, 3.9339605839995784, 141, 495533,                                             495533, 23.238393783569336, -368.808349609375
3001, 151.77134835720062, 1, 8.601693300999614, 297, 495830,                                             495830, 25.191308975219727, -368.657958984375
3002, 2049.0781572163105, 1, 7.138663399997313, 250, 496080,                                             496080, 23.674081802368164, -366.5978088378906
3003, -2424.2853487730026, 2, 4.301824980000674, 139, 496219,                                             496219, 26.47844696044922, -371.14630126953125
3004, 2120.948217317462, 1, 4.535280191998027, 158, 496377,                                             496377, 24.300825119018555, -369.5693359375
3005, -2646.267356097698, 3, 3.8983882479988097, 130, 496507,                                             496507, 25.864765167236328, -368.30767822265625
3006, 1486.414199322462, 1, 4.9311719269971945, 170, 496677,                                             496677, 25.37860107421875, -369.0169677734375
3007, -2827.8941338658333, 2, 5.508132573999319, 188, 496865,                                             496865, 24.15610694885254, -367.97515869140625
3008, 1848.658784121275, 1, 4.134257507001166, 147, 497012,                                             497012, 25.007389068603516, -366.4984436035156
3009, 2211.9033381938934, 1, 2.497022540999751, 78, 497090,                                             497090, 24.666099548339844, -366.8959045410156
3010, 2307.9544727504253, 1, 4.333872196999437, 148, 497238,                                             497238, 24.662385940551758, -371.71923828125
3011, 1463.0599204301834, 1, 4.061911445998703, 135, 497373,                                             497373, 24.302505493164062, -370.3881530761719
3012, 1640.0074824690819, 1, 5.134329213000456, 177, 497550,                                             497550, 22.521007537841797, -371.8626708984375
3013, 2297.1109490692616, 1, 4.503282746001787, 148, 497698,                                             497698, 24.7474422454834, -369.43798828125
3014, 2212.879670292139, 1, 5.9350983160002215, 205, 497903,                                             497903, 23.6058349609375, -368.58935546875
3015, 1572.2059670090675, 1, 5.701527445999091, 192, 498095,                                             498095, 23.405176162719727, -366.9350280761719
3016, -2385.141962647438, 2, 1.5323124079986883, 50, 498145,                                             498145, 25.035627365112305, -363.697021484375
3017, -2424.866180539131, 2, 2.7008033829988563, 86, 498231,                                             498231, 27.486909866333008, -369.70941162109375
3018, 2298.0323826670647, 1, 3.934749964999355, 135, 498366,                                             498366, 24.144794464111328, -371.57098388671875
3019, -2520.371136546135, 3, 3.7001350479986286, 125, 498491,                                             498491, 22.90691375732422, -372.72833251953125
3020, 1842.6442271322012, 1, 3.9047100940006203, 129, 498620,                                             498620, 23.224374771118164, -370.90069580078125
3021, 2194.483150243759, 1, 3.2786110419983743, 105, 498725,                                             498725, 25.061479568481445, -370.4859313964844
3022, -2445.269117116928, 3, 0.9366832379964762, 30, 498755,                                             498755, 28.585105895996094, -369.2478332519531
3023, 1062.366074115038, 1, 7.944856466998317, 280, 499035,                                             499035, 24.13726234436035, -370.9455261230469
3024, 1611.9813091307878, 1, 7.536073279999982, 262, 499297,                                             499297, 24.14423942565918, -371.3049011230469
3025, 2080.8634977936745, 1, 5.1027204989986785, 170, 499467,                                             499467, 25.395797729492188, -368.232421875
3026, 2214.9909208863974, 1, 4.932435291000729, 173, 499640,                                             499640, 23.265586853027344, -369.5269775390625
3027, -3409.191410303116, 2, 10.911210520996974, 376, 500016,                                             500016, 24.795602798461914, -372.0518493652344
3028, 2454.1898663043976, 1, 1.3304046069970354, 40, 500056,                                             500056, 23.959217071533203, -373.2096862792969
3029, 2311.5382962226868, 1, 3.1002086449989292, 98, 500154,                                             500154, 24.00442123413086, -371.8800964355469
3030, -2378.052403688431, 2, 3.704929876999813, 121, 500275,                                             500275, 23.86271858215332, -375.9312744140625
3031, -2542.8246096670628, 3, 3.1362824820025708, 107, 500382,                                             500382, 24.090839385986328, -372.6504821777344
3032, 2095.8153707385063, 1, 3.5000557679995836, 118, 500500,                                             500500, 24.60511589050293, -372.2109680175781
3033, -2631.631655871868, 3, 4.539582427998539, 154, 500654,                                             500654, 23.920326232910156, -372.0343322753906
3034, 2370.1431100964546, 1, 3.099711673999991, 98, 500752,                                             500752, 26.167539596557617, -374.9997863769531
3035, -2736.1664563417435, 3, 2.935906378999789, 102, 500854,                                             500854, 24.792272567749023, -370.7733154296875
3036, 2199.3279998898506, 1, 4.531877844998235, 162, 501016,                                             501016, 22.820796966552734, -373.09844970703125
3037, 1909.9060980528593, 1, 6.9078450389970385, 234, 501250,                                             501250, 24.18890380859375, -371.56341552734375
3038, -3098.1775137782097, 2, 3.7356682060017192, 128, 501378,                                             501378, 25.580318450927734, -373.63140869140625
3039, 2369.3433408737183, 1, 1.7317392129989457, 58, 501436,                                             501436, 25.322465896606445, -370.73297119140625
3040, 2393.9108596742153, 1, 2.69902465999985, 87, 501523,                                             501523, 26.142704010009766, -374.0373229980469
3041, 1684.388966202736, 1, 4.142816125000536, 143, 501666,                                             501666, 24.623916625976562, -372.45794677734375
3042, 1892.510925218463, 1, 7.304237172000285, 252, 501918,                                             501918, 26.717060089111328, -373.06854248046875
3043, 1733.2363045811653, 1, 4.1342460039995785, 144, 502062,                                             502062, 25.584915161132812, -371.983154296875
3044, -2625.0945975780487, 3, 1.6985804420000932, 52, 502114,                                             502114, 23.55588150024414, -367.50079345703125
3045, 2366.4650262892246, 1, 2.7291616829970735, 99, 502213,                                             502213, 23.63528823852539, -373.7462158203125
3046, -2615.030117034912, 3, 2.699630982999224, 88, 502301,                                             502301, 23.205074310302734, -369.82275390625
3047, -2369.4236332178116, 2, 2.7337112909990537, 95, 502396,                                             502396, 24.833505630493164, -367.245849609375
3048, 2445.9763277173042, 1, 1.3323906459991122, 44, 502440,                                             502440, 24.657304763793945, -375.4287109375
3049, -2660.8604249954224, 2, 4.100437638997391, 134, 502574,                                             502574, 25.27702522277832, -369.6191711425781
3050, 2343.590028733015, 1, 3.135183985999902, 109, 502683,                                             502683, 25.802133560180664, -374.5488586425781
3051, -2532.9202797412872, 3, 2.0291563280006812, 65, 502748,                                             502748, 23.236665725708008, -368.7215881347656
3052, -2262.1617562770844, 3, 2.7351226920000045, 94, 502842,                                             502842, 23.20115089416504, -372.43890380859375
3053, 2402.737338244915, 1, 2.53827740899942, 88, 502930,                                             502930, 25.235029220581055, -374.4571533203125
3054, 1755.5614250004292, 1, 7.501574117999553, 256, 503186,                                             503186, 23.847135543823242, -372.5322570800781
3055, 1621.1048678159714, 1, 6.935154578000947, 245, 503431,                                             503431, 24.23169708251953, -371.06732177734375
3056, 2034.406457081437, 1, 3.9029507449995435, 129, 503560,                                             503560, 22.551334381103516, -373.0417175292969
3057, 1425.9801937639713, 1, 5.732455896999454, 196, 503756,                                             503756, 23.107999801635742, -375.3074035644531
3058, -2369.3490703105927, 2, 2.4976838950024103, 82, 503838,                                             503838, 25.72500228881836, -366.3555908203125
3059, 2127.8873270452023, 1, 2.7354212280006323, 98, 503936,                                             503936, 25.878602981567383, -367.94451904296875
3060, 1831.2663004994392, 1, 3.902658472998155, 127, 504063,                                             504063, 24.47018814086914, -373.36181640625
3061, 2033.3017981052399, 1, 2.6542324789988925, 93, 504156,                                             504156, 25.260141372680664, -373.7061767578125
3062, -2405.998445749283, 2, 2.699705298997287, 85, 504241,                                             504241, 23.12340545654297, -370.57232666015625
3063, 2131.86725962162, 1, 4.535870406001777, 140, 504381,                                             504381, 24.923946380615234, -370.1184997558594
3064, 2213.5209130346775, 1, 5.734840048997285, 209, 504590,                                             504590, 23.626527786254883, -372.613037109375
3065, 1959.610369592905, 1, 5.132286899002793, 177, 504767,                                             504767, 24.854450225830078, -373.91021728515625
3066, 2317.682710289955, 1, 2.8986518559977412, 94, 504861,                                             504861, 24.5168514251709, -372.275146484375
3067, -2622.7762145996094, 3, 5.137974680001207, 180, 505041,                                             505041, 25.66529083251953, -372.456298828125
3068, 2379.8817823827267, 1, 2.731444722998276, 94, 505135,                                             505135, 22.83213233947754, -370.5079650878906
3069, -2967.1386120319366, 3, 3.3008605479990365, 107, 505242,                                             505242, 25.118688583374023, -372.0877685546875
3070, 2375.8988904953003, 1, 3.13463074199899, 112, 505354,                                             505354, 23.65659523010254, -370.9903259277344
3071, 1253.762158304453, 1, 6.342084646999865, 213, 505567,                                             505567, 24.09456443786621, -374.49102783203125
