episode, reward, success, duration, steps, total_steps, memory length, avg_critic_loss, avg_actor_loss
2, -2998.27105922997, 2, 5.6968270640063565, 161, 25208,                                             25208, 89.7370834350586, 689.6610107421875
3, -3155.1892416477203, 2, 5.518075608997606, 156, 25364,                                             25364, 89.13746643066406, 698.3189697265625
4, -2435.7927844524384, 2, 2.7168580910001765, 76, 25440,                                             25440, 91.79237365722656, 700.314208984375
5, -2892.3963062763214, 2, 4.716851790995861, 137, 25577,                                             25577, 87.20474243164062, 702.1732788085938
6, 2452.726930499077, 1, 1.3176509909972083, 30, 25607,                                             25607, 91.23564910888672, 678.160888671875
7, -3515.670870065689, 2, 5.503961926995544, 164, 25771,                                             25771, 89.25460052490234, 704.2874755859375
8, -2413.3620995283127, 2, 3.5163834299964947, 97, 25868,                                             25868, 87.0521469116211, 698.1214599609375
9, -2906.103710412979, 2, 5.116442910999467, 142, 26010,                                             26010, 91.09415435791016, 715.4647216796875
10, -2955.8044862747192, 2, 6.518800511999871, 192, 26202,                                             26202, 89.39237213134766, 724.1901245117188
11, -2390.71467256546, 2, 2.9187370229992666, 82, 26284,                                             26284, 89.90542602539062, 731.464599609375
12, -4098.700502157211, 2, 6.920617394003784, 202, 26486,                                             26486, 90.08929443359375, 723.9044189453125
13, -2983.3975363969803, 2, 5.917357626000012, 181, 26667,                                             26667, 90.31206512451172, 733.8101806640625
14, -2720.710346698761, 2, 3.9144069430039963, 114, 26781,                                             26781, 92.19825744628906, 749.4231567382812
15, -2900.7591568231583, 2, 4.116302340000402, 120, 26901,                                             26901, 94.5295639038086, 753.7632446289062
16, -1857.7216566205025, 4, 10.319367690994113, 321, 27222,                                             27222, 90.63785552978516, 750.3781127929688
17, -2391.0928564071655, 2, 3.3159999870040338, 99, 27321,                                             27321, 90.3326416015625, 753.2698364257812
18, -2755.7951135635376, 2, 4.316381023003487, 131, 27452,                                             27452, 93.11775207519531, 769.665771484375
19, -2837.1402876377106, 2, 5.117275564996817, 152, 27604,                                             27604, 90.16856384277344, 758.11279296875
20, -3470.3779541254044, 2, 8.118335801002104, 239, 27843,                                             27843, 89.16460418701172, 757.7857666015625
21, -2838.987836420536, 2, 6.118179730998236, 184, 28027,                                             28027, 91.06970977783203, 776.0943603515625
22, -3147.507776737213, 2, 5.723342230994604, 167, 28194,                                             28194, 90.94049835205078, 775.400390625
23, -1543.8717920780182, 4, 10.722297594998963, 322, 28516,                                             28516, 90.03433227539062, 781.0430908203125
24, -3184.9366760253906, 2, 6.717834104005306, 203, 28719,                                             28719, 91.70182800292969, 784.4781494140625
25, -1934.5122964382172, 4, 10.721214338998834, 324, 29043,                                             29043, 91.98540496826172, 791.0668334960938
26, -2633.711849093437, 2, 3.7169974950011238, 109, 29152,                                             29152, 89.98943328857422, 787.5700073242188
27, 1477.357285439968, 1, 7.919545915996423, 248, 29400,                                             29400, 90.10379028320312, 798.734375
28, -2554.4133155345917, 2, 0.928977475996362, 30, 29430,                                             29430, 91.58895111083984, 809.8964233398438
29, -2716.6352130174637, 2, 3.70266884600278, 108, 29538,                                             29538, 90.87615966796875, 816.4966430664062
30, -3719.252859711647, 2, 9.919598331995076, 306, 29844,                                             29844, 89.86642456054688, 808.7056274414062
31, -1526.8998965024948, 4, 10.321816982002929, 316, 30160,                                             30160, 89.34625244140625, 811.1689453125
32, -3166.083896636963, 2, 6.118223632998706, 184, 30344,                                             30344, 86.34976959228516, 811.5989379882812
33, 2078.6012030243874, 1, 4.9196433189936215, 141, 30485,                                             30485, 89.6634292602539, 824.0548095703125
34, -2602.7999670505524, 2, 2.7190785549973953, 76, 30561,                                             30561, 90.62765502929688, 825.02978515625
35, -2404.7855978012085, 2, 3.7166917959984858, 106, 30667,                                             30667, 87.25316619873047, 826.341552734375
36, -1814.0150032043457, 4, 10.72189760999754, 320, 30987,                                             30987, 86.396728515625, 832.9134521484375
37, -3170.4783190488815, 2, 5.719257459997607, 166, 31153,                                             31153, 86.68116760253906, 829.326904296875
38, -1416.615462422371, 4, 10.721021858000313, 320, 31473,                                             31473, 87.0730972290039, 840.9210205078125
39, -1972.839486837387, 4, 10.5192155429977, 318, 31791,                                             31791, 85.5866928100586, 845.7469482421875
40, -2709.4147876501083, 3, 5.522136359999422, 166, 31957,                                             31957, 84.44058990478516, 849.8978881835938
41, -1391.8042290210724, 4, 10.12049282299995, 320, 32277,                                             32277, 83.33578491210938, 850.4918823242188
42, -1677.6862239837646, 4, 10.519843517999107, 330, 32607,                                             32607, 81.7227554321289, 848.7713012695312
43, 1851.2033630013466, 1, 5.11828706599772, 155, 32762,                                             32762, 84.25164794921875, 851.6800537109375
44, -2335.0046303272247, 2, 1.515280982996046, 40, 32802,                                             32802, 83.8250732421875, 876.7366943359375
45, -1947.2231055498123, 4, 10.519979552998848, 332, 33134,                                             33134, 84.30316162109375, 864.3069458007812
46, -2940.2823736667633, 2, 4.517811652003729, 139, 33273,                                             33273, 84.04174041748047, 866.8850708007812
47, -3096.434058189392, 2, 4.91814536399761, 147, 33420,                                             33420, 81.09968566894531, 862.5855712890625
48, -3836.2189633846283, 2, 7.518596971000079, 229, 33649,                                             33649, 82.89337921142578, 869.5765380859375
49, -3391.7905106544495, 2, 6.117733729995962, 191, 33840,                                             33840, 81.54025268554688, 879.1692504882812
50, -3399.3648258447647, 2, 7.918594822003797, 247, 34087,                                             34087, 81.2347412109375, 883.8440551757812
51, -1634.9768458604813, 4, 10.523139930002799, 327, 34414,                                             34414, 81.12291717529297, 886.9341430664062
52, -3230.5274242162704, 2, 5.517144459001429, 167, 34581,                                             34581, 80.26841735839844, 884.6414794921875
53, -3713.6430658102036, 2, 7.72030220200395, 240, 34821,                                             34821, 81.06898498535156, 897.8338623046875
54, -2065.3716090917587, 4, 10.3201604509959, 324, 35145,                                             35145, 80.42372131347656, 897.6358032226562
55, -1878.673596382141, 4, 10.321136942999146, 324, 35469,                                             35469, 81.35914611816406, 904.9717407226562
56, -1700.1496613025665, 4, 10.321429310002713, 321, 35790,                                             35790, 80.92058563232422, 907.4170532226562
57, -2886.6786729097366, 2, 5.718035810001311, 175, 35965,                                             35965, 79.7923583984375, 911.2659912109375
58, -3104.723446369171, 4, 10.521294245001627, 328, 36293,                                             36293, 79.37527465820312, 909.0177001953125
59, -1605.423248410225, 4, 10.120860263996292, 319, 36612,                                             36612, 80.62432098388672, 919.5267333984375
60, -1885.3530368804932, 4, 10.520079790003365, 328, 36940,                                             36940, 80.8333740234375, 927.095458984375
61, -2276.5581908226013, 4, 10.119944992002274, 312, 37252,                                             37252, 80.17265319824219, 927.3079223632812
62, -1426.5771352052689, 4, 10.327178756997455, 323, 37575,                                             37575, 78.48281860351562, 928.0758666992188
63, -4447.646284341812, 2, 9.721187280003505, 303, 37878,                                             37878, 78.2373046875, 928.9685668945312
64, -1649.6957936286926, 4, 10.520246185005817, 327, 38205,                                             38205, 78.1370620727539, 936.45458984375
65, -1775.7671991586685, 4, 10.329883417995006, 320, 38525,                                             38525, 75.5636215209961, 933.3606567382812
66, -3146.0174083709717, 2, 4.717528023000341, 140, 38665,                                             38665, 76.64546966552734, 941.1528930664062
67, 2235.7020671367645, 1, 2.3160955189960077, 67, 38732,                                             38732, 79.32345581054688, 948.1539916992188
68, 1863.3447264432907, 1, 4.519282901994302, 136, 38868,                                             38868, 76.79470825195312, 936.074951171875
69, -2717.7399508953094, 3, 0.9324456350004766, 30, 38898,                                             38898, 73.49321746826172, 941.8439331054688
70, -2615.492046356201, 2, 4.0985012449964415, 122, 39020,                                             39020, 77.90071868896484, 938.2706909179688
71, -1954.4726858139038, 4, 10.320414843001345, 321, 39341,                                             39341, 76.56068420410156, 945.1122436523438
72, -1700.4694381952286, 4, 10.121812268000212, 317, 39658,                                             39658, 74.98455047607422, 950.8815307617188
73, 2083.2327144145966, 1, 3.916365571996721, 117, 39775,                                             39775, 78.55867767333984, 956.2882690429688
74, -3406.5560960769653, 3, 4.1262238990020705, 133, 39908,                                             39908, 72.41082763671875, 946.4652099609375
75, -1427.3405178785324, 4, 10.51193458099442, 330, 40238,                                             40238, 75.03327178955078, 949.2340087890625
76, -2589.1043221354485, 3, 5.118230059997586, 155, 40393,                                             40393, 73.46253967285156, 942.196044921875
77, -1506.6124925613403, 4, 10.529049546996248, 327, 40720,                                             40720, 74.29017639160156, 956.1658325195312
78, -1241.9971653223038, 4, 10.320499409004697, 321, 41041,                                             41041, 73.19983673095703, 950.998046875
79, -1578.453855752945, 4, 10.124155301004066, 319, 41360,                                             41360, 73.55013275146484, 949.3843994140625
80, -1349.804672241211, 4, 10.13009743099974, 320, 41680,                                             41680, 73.81261444091797, 954.89306640625
81, -1476.0986090898514, 4, 10.319522409998171, 323, 42003,                                             42003, 72.98229217529297, 953.3738403320312
82, -1345.4417400360107, 4, 10.320817043000716, 325, 42328,                                             42328, 71.8479995727539, 954.072998046875
83, -1620.8339280486107, 4, 10.320022539999627, 325, 42653,                                             42653, 70.75709533691406, 965.88916015625
84, -1691.1724784374237, 4, 10.320876567995583, 322, 42975,                                             42975, 71.76582336425781, 960.0372924804688
85, -1433.2312808036804, 4, 10.120698755003104, 318, 43293,                                             43293, 71.55817413330078, 963.4970703125
86, -1424.3456695079803, 4, 10.322686446001171, 326, 43619,                                             43619, 71.1415786743164, 966.2557373046875
87, -2670.3752012252808, 3, 5.718589547002921, 174, 43793,                                             43793, 70.5933837890625, 966.6506958007812
88, -1508.0576617717743, 4, 10.32082209300279, 323, 44116,                                             44116, 70.0389633178711, 963.183837890625
89, -1557.4871785640717, 4, 10.321493515002658, 323, 44439,                                             44439, 71.6541976928711, 968.9364624023438
90, 1665.6124994754791, 1, 7.919867890996102, 241, 44680,                                             44680, 69.86981964111328, 965.58935546875
91, -1609.6472597122192, 4, 10.103222883000853, 324, 45004,                                             45004, 70.7964859008789, 967.2218627929688
92, 2197.7976789474487, 1, 3.734634061001998, 110, 45114,                                             45114, 69.48267364501953, 962.5510864257812
93, -1959.9677658081055, 4, 10.10419522999291, 325, 45439,                                             45439, 69.5954360961914, 967.1736450195312
94, -2747.0466454029083, 3, 5.733437129994854, 176, 45615,                                             45615, 68.96295166015625, 968.4183959960938
95, -1929.1618337631226, 4, 10.521426740997413, 327, 45942,                                             45942, 69.81432342529297, 974.64208984375
96, 2063.475982427597, 1, 3.7157456540007843, 111, 46053,                                             46053, 69.23817443847656, 968.5642700195312
97, -3006.1577010154724, 3, 2.963321905997873, 96, 46149,                                             46149, 70.79291534423828, 983.921630859375
98, -1403.4825221300125, 4, 10.673674575002224, 331, 46480,                                             46480, 70.29495239257812, 969.1022338867188
99, -1471.2965569496155, 4, 10.322820024994144, 322, 46802,                                             46802, 69.95147705078125, 972.5266723632812
100, -1366.2905319929123, 4, 10.321883728000103, 323, 47125,                                             47125, 68.7391586303711, 975.4120483398438
101, -1449.0668082237244, 4, 10.337833880003018, 325, 47450,                                             47450, 67.95259857177734, 975.966796875
102, -1493.0281941890717, 4, 10.321160417006467, 327, 47777,                                             47777, 69.27935791015625, 971.5094604492188
103, 2252.2855820655823, 1, 2.517480867994891, 72, 47849,                                             47849, 69.02349090576172, 977.5746459960938
104, -1715.758780002594, 4, 10.316183130002173, 330, 48179,                                             48179, 69.48636627197266, 976.3233642578125
105, -1269.321016073227, 4, 10.524730889999773, 333, 48512,                                             48512, 68.3454818725586, 975.26171875
106, -1384.2375812530518, 4, 10.121499983004469, 320, 48832,                                             48832, 67.87449645996094, 979.9895629882812
107, -1359.7590749263763, 4, 10.52319952200196, 324, 49156,                                             49156, 66.71712493896484, 974.971435546875
108, -1234.352376818657, 4, 10.321611850995396, 320, 49476,                                             49476, 69.1131362915039, 974.9029541015625
109, -1452.2739099264145, 4, 10.521520630005398, 326, 49802,                                             49802, 69.1742172241211, 975.5873413085938
110, -2991.6952558755875, 3, 7.119154749998415, 220, 50022,                                             50022, 67.27974700927734, 977.3489379882812
111, -1482.0456221103668, 4, 10.121347895001236, 318, 50340,                                             50340, 66.5555419921875, 972.9463500976562
112, -1343.2215158939362, 4, 10.320813865000673, 321, 50661,                                             50661, 67.63314056396484, 973.4268798828125
113, -1098.7549676895142, 4, 10.321008314997016, 319, 50980,                                             50980, 66.56369018554688, 972.6067504882812
114, -1711.0062391757965, 4, 10.72210435099987, 334, 51314,                                             51314, 67.68103790283203, 972.1565551757812
115, 2290.4718875288963, 1, 2.1172355840026285, 57, 51371,                                             51371, 73.51952362060547, 970.9847412109375
116, -1635.6782224178314, 4, 10.319856977999734, 320, 51691,                                             51691, 68.14315032958984, 970.6337890625
117, -1319.195369720459, 4, 10.321059431997128, 325, 52016,                                             52016, 67.9251480102539, 969.0565185546875
118, -1258.5232363343239, 4, 10.520555459006573, 330, 52346,                                             52346, 66.08598327636719, 967.9972534179688
119, -1633.7303178310394, 4, 10.519873090001056, 328, 52674,                                             52674, 67.34815979003906, 962.496826171875
120, -1420.2263542413712, 4, 10.521745878999354, 326, 53000,                                             53000, 66.10881042480469, 962.3143310546875
121, -1441.6709781885147, 4, 10.321262800003751, 315, 53315,                                             53315, 66.64503479003906, 959.248779296875
122, -1329.598311305046, 4, 10.520634024003812, 321, 53636,                                             53636, 65.38751220703125, 957.4631958007812
123, -1422.8716349601746, 4, 10.521054914002889, 314, 53950,                                             53950, 66.45471954345703, 956.2687377929688
124, -1428.901591539383, 4, 10.521276578001562, 322, 54272,                                             54272, 66.46903991699219, 957.4063720703125
125, 1636.9881016016006, 1, 7.51895699200395, 230, 54502,                                             54502, 66.42118072509766, 952.1630859375
126, -1671.3512568473816, 4, 10.263093720997858, 328, 54830,                                             54830, 66.55264282226562, 952.3790893554688
127, -1739.8356422185898, 4, 10.377988389001985, 325, 55155,                                             55155, 65.25470733642578, 947.6228637695312
128, 1285.1425367593765, 1, 10.122029149999435, 316, 55471,                                             55471, 67.10475158691406, 946.6141357421875
129, -1685.6814210414886, 4, 10.52070907199959, 329, 55800,                                             55800, 64.62825012207031, 944.4296264648438
130, -1340.23213326931, 4, 10.321862066004542, 320, 56120,                                             56120, 64.42687225341797, 939.4287109375
131, -1225.9578272104263, 4, 10.120094650999818, 318, 56438,                                             56438, 64.9248046875, 934.0130004882812
132, -1486.8434442281723, 4, 10.520902678996208, 326, 56764,                                             56764, 65.28971862792969, 934.9220581054688
133, -1345.2535920143127, 4, 10.320444112003315, 324, 57088,                                             57088, 64.94257354736328, 933.662353515625
134, -1291.7722890377045, 4, 10.321418364997953, 321, 57409,                                             57409, 65.05630493164062, 931.7271118164062
135, -1317.983438372612, 4, 10.519990035994851, 330, 57739,                                             57739, 65.67086029052734, 926.9014282226562
136, -1496.2883423566818, 4, 10.322619732003659, 323, 58062,                                             58062, 64.77526092529297, 925.608642578125
137, -1444.9938378334045, 4, 10.519770434999373, 328, 58390,                                             58390, 63.71937942504883, 918.2240600585938
138, -1422.2327744960785, 4, 10.520774413998879, 328, 58718,                                             58718, 63.609344482421875, 919.237548828125
139, 2394.7129370570183, 1, 1.5168988659934257, 42, 58760,                                             58760, 63.3509521484375, 926.427001953125
140, -1540.9151918888092, 4, 10.519111700996291, 328, 59088,                                             59088, 62.55356979370117, 917.1619873046875
141, -1625.6886401176453, 4, 10.119621493002342, 317, 59405,                                             59405, 62.81565475463867, 912.184326171875
142, -1308.200932085514, 4, 10.320003707995056, 324, 59729,                                             59729, 62.65055465698242, 908.1123657226562
143, -1647.9999784231186, 4, 10.523096191005607, 321, 60050,                                             60050, 62.93666076660156, 909.2179565429688
144, -1202.1129964590073, 4, 10.321705935995851, 319, 60369,                                             60369, 61.839176177978516, 902.038818359375
145, -1560.6280113458633, 4, 10.320074210998428, 324, 60693,                                             60693, 60.29368591308594, 899.3486938476562
146, 2203.1500318050385, 1, 2.917112581002584, 86, 60779,                                             60779, 64.14212036132812, 895.28759765625
147, -1568.7745435237885, 4, 10.519833580001432, 326, 61105,                                             61105, 61.058738708496094, 899.3162231445312
148, 2415.8063447475433, 1, 1.1170203799993033, 30, 61135,                                             61135, 64.3308334350586, 896.5778198242188
149, -1630.8090023994446, 4, 10.521183003998885, 328, 61463,                                             61463, 59.88836669921875, 893.6525268554688
150, 2231.05498111248, 1, 3.1168895430018893, 89, 61552,                                             61552, 59.66756820678711, 898.4865112304688
151, -1621.1585459709167, 4, 10.361930580002081, 331, 61883,                                             61883, 61.2198486328125, 895.0134887695312
152, 2367.3985154628754, 1, 1.4754493340005865, 40, 61923,                                             61923, 57.15513229370117, 898.3185424804688
153, -1661.9878764152527, 4, 10.350078107003355, 331, 62254,                                             62254, 58.89217758178711, 891.4833984375
154, -1260.4672338962555, 4, 10.691987878999498, 330, 62584,                                             62584, 60.58110809326172, 891.7405395507812
155, -1361.9084901809692, 4, 10.323924584998167, 318, 62902,                                             62902, 58.21263122558594, 887.1893920898438
156, -2812.075247526169, 3, 5.91840417200001, 183, 63085,                                             63085, 60.28046417236328, 881.9490356445312
157, -1420.5668567419052, 4, 10.520822386999498, 327, 63412,                                             63412, 58.967716217041016, 882.2279052734375
158, -1192.505054652691, 4, 10.321680566004943, 322, 63734,                                             63734, 57.05937576293945, 882.4544067382812
159, -1423.2297407388687, 4, 10.321183733001817, 319, 64053,                                             64053, 57.324039459228516, 877.639404296875
160, -1331.3273973464966, 4, 10.322608214002685, 317, 64370,                                             64370, 56.165992736816406, 875.0927734375
161, -1367.4425711631775, 4, 10.122013074003917, 317, 64687,                                             64687, 56.240577697753906, 875.6261596679688
162, -1345.6238867044449, 4, 10.523865363000368, 326, 65013,                                             65013, 55.485694885253906, 871.5521240234375
163, 2160.389278590679, 1, 3.119805021000502, 91, 65104,                                             65104, 56.1411247253418, 868.1453247070312
164, -1769.0698083639145, 4, 10.319326015996921, 323, 65427,                                             65427, 56.282936096191406, 869.0838012695312
165, -1366.2230092287064, 4, 10.521343136002542, 325, 65752,                                             65752, 54.93080520629883, 866.066162109375
166, -1278.7749038934708, 4, 10.121775256004184, 315, 66067,                                             66067, 56.436729431152344, 865.3668823242188
167, 1476.4342272281647, 1, 8.319924898001773, 257, 66324,                                             66324, 56.22562026977539, 862.7496337890625
168, -2647.791093826294, 3, 4.1441400140029145, 133, 66457,                                             66457, 54.39019775390625, 867.7718505859375
169, -1453.7243745326996, 4, 10.69480889999977, 329, 66786,                                             66786, 54.84879684448242, 861.2509765625
170, -1316.985438466072, 4, 10.121530545002315, 309, 67095,                                             67095, 54.259254455566406, 862.9194946289062
171, -1267.9770995378494, 4, 10.521415762996185, 322, 67417,                                             67417, 53.0197868347168, 858.3822631835938
172, -1461.0298657417297, 4, 10.323361473994737, 318, 67735,                                             67735, 54.56543731689453, 855.574462890625
173, -1337.2746391296387, 4, 10.320724663004512, 322, 68057,                                             68057, 54.917823791503906, 853.5993041992188
174, -1336.439450263977, 4, 10.320245152994175, 322, 68379,                                             68379, 52.49843978881836, 853.12451171875
175, -1195.0467987656593, 4, 10.322195546999865, 319, 68698,                                             68698, 52.054534912109375, 852.5413208007812
176, -1400.0101875066757, 4, 10.319599869995727, 319, 69017,                                             69017, 51.29231262207031, 848.049560546875
177, 2332.5324662327766, 1, 1.716953356997692, 48, 69065,                                             69065, 52.9515266418457, 842.8657836914062
178, -1517.447867155075, 4, 10.317273884000315, 329, 69394,                                             69394, 52.810184478759766, 846.3179931640625
179, -1243.9606602191925, 4, 10.72352847699949, 335, 69729,                                             69729, 51.18559265136719, 847.0521240234375
180, -1542.0977791547775, 4, 10.321314570006507, 323, 70052,                                             70052, 53.0059700012207, 847.6843872070312
181, -1344.5596665143967, 4, 10.524626954000269, 326, 70378,                                             70378, 50.83266067504883, 841.2545166015625
182, 2197.5807206630707, 1, 3.517921826001839, 104, 70482,                                             70482, 49.153846740722656, 843.9560546875
183, -1487.1891403198242, 4, 10.320815275001223, 322, 70804,                                             70804, 48.87508773803711, 839.4664916992188
184, -1200.4038280248642, 4, 10.321768581001379, 319, 71123,                                             71123, 49.028953552246094, 834.850341796875
185, -1335.1414244174957, 4, 10.120303560004686, 314, 71437,                                             71437, 49.398075103759766, 835.8073120117188
186, -1289.6660616397858, 4, 10.521930106006039, 327, 71764,                                             71764, 49.045616149902344, 832.175048828125
187, -1355.1519861221313, 4, 10.121543593995739, 313, 72077,                                             72077, 48.34608840942383, 827.4400024414062
188, -1360.6656254529953, 4, 10.720884451002348, 329, 72406,                                             72406, 49.052574157714844, 827.5679321289062
189, 2007.6191183924675, 1, 4.71746034300304, 142, 72548,                                             72548, 49.29595184326172, 823.8497924804688
190, -3575.2461256980896, 3, 8.5191691719956, 262, 72810,                                             72810, 46.8521728515625, 825.245849609375
191, -1283.330883860588, 4, 10.321085809999204, 319, 73129,                                             73129, 48.54100799560547, 821.0420532226562
192, 2373.5726137161255, 1, 1.3175990829986404, 32, 73161,                                             73161, 47.758602142333984, 819.938720703125
193, -1572.149291753769, 4, 10.520449477000511, 323, 73484,                                             73484, 47.08668899536133, 821.3404541015625
194, -2651.3576937913895, 3, 5.519170266998117, 164, 73648,                                             73648, 47.408695220947266, 820.77685546875
195, -1560.2403070926666, 4, 10.520972627004085, 322, 73970,                                             73970, 47.97510528564453, 816.2695922851562
196, -1234.1019084453583, 4, 10.121101766002539, 308, 74278,                                             74278, 47.98683547973633, 817.61083984375
197, -1327.4206569194794, 4, 10.323131388999172, 318, 74596,                                             74596, 46.44853210449219, 814.2993774414062
198, -1307.00832593441, 4, 10.521521770002437, 324, 74920,                                             74920, 47.3953971862793, 814.9968872070312
199, 2218.111878633499, 1, 3.316363388003083, 94, 75014,                                             75014, 47.03620910644531, 811.3453369140625
200, 1494.418080329895, 1, 7.315005153999664, 232, 75246,                                             75246, 46.449073791503906, 807.9763793945312
201, -3492.361695766449, 2, 9.722684291002224, 303, 75549,                                             75549, 47.317962646484375, 809.3512573242188
202, -1624.5334453582764, 4, 10.322224171999551, 319, 75868,                                             75868, 45.023624420166016, 804.6201782226562
203, -1502.7675235271454, 4, 10.32122236199939, 322, 76190,                                             76190, 44.88156509399414, 804.37109375
204, -1138.9540812969208, 4, 10.32166930600215, 318, 76508,                                             76508, 45.048805236816406, 804.0799560546875
205, -1491.5779621601105, 4, 10.32127886699891, 320, 76828,                                             76828, 45.50871658325195, 801.9939575195312
206, 2387.216281503439, 1, 1.5168056830007117, 38, 76866,                                             76866, 43.28750228881836, 798.5349731445312
207, -1539.8067036867142, 4, 10.520530164001684, 326, 77192,                                             77192, 43.99733352661133, 799.2684326171875
208, -1090.1801955103874, 4, 10.322400675002427, 317, 77509,                                             77509, 43.86399459838867, 796.8734130859375
209, -1285.2438476085663, 4, 10.320747911995568, 319, 77828,                                             77828, 43.99541473388672, 795.0625610351562
210, -1363.5946699380875, 4, 10.320712631997594, 318, 78146,                                             78146, 43.88774108886719, 791.2020263671875
211, 2378.113877773285, 1, 1.3182203550022678, 30, 78176,                                             78176, 44.0296745300293, 790.9403686523438
212, -1426.817776441574, 4, 10.106863924003846, 311, 78487,                                             78487, 44.05390930175781, 790.7748413085938
213, 2158.676986992359, 1, 3.718503452000732, 107, 78594,                                             78594, 42.721229553222656, 783.9796142578125
214, -3312.8656706809998, 3, 8.416408153992961, 268, 78862,                                             78862, 42.5277099609375, 788.3253173828125
215, -1535.4733138084412, 4, 10.625354755000444, 328, 79190,                                             79190, 44.75269317626953, 784.4260864257812
216, -1125.4520016908646, 4, 10.522659524001938, 325, 79515,                                             79515, 42.52106857299805, 786.4920043945312
217, 2251.4035547971725, 1, 2.716343183994468, 75, 79590,                                             79590, 41.869720458984375, 784.7943115234375
218, -1541.294409751892, 4, 10.320648229004291, 319, 79909,                                             79909, 42.51782989501953, 783.1162109375
219, -2488.5949981212616, 2, 4.118427501998667, 123, 80032,                                             80032, 43.580039978027344, 780.755126953125
220, -1266.131423175335, 4, 10.320278533996316, 319, 80351,                                             80351, 42.28874588012695, 778.7752075195312
221, -2709.2426310777664, 3, 5.11837000399828, 152, 80503,                                             80503, 41.49494934082031, 779.2139282226562
222, -2525.8630234003067, 2, 4.117564150001272, 122, 80625,                                             80625, 43.456844329833984, 777.039306640625
223, 2225.843141615391, 1, 3.1190953430050286, 87, 80712,                                             80712, 44.84621810913086, 779.7504272460938
224, -1563.5194873809814, 4, 10.06362161799916, 321, 81033,                                             81033, 41.90729522705078, 776.31005859375
225, -1416.68563747406, 4, 10.779305342999578, 329, 81362,                                             81362, 42.35040283203125, 775.2655029296875
226, -1239.3434474468231, 4, 10.320588957998552, 321, 81683,                                             81683, 42.87384796142578, 773.973388671875
227, 2041.0911852121353, 1, 4.318203438997443, 129, 81812,                                             81812, 41.76524353027344, 775.9228515625
228, -1561.2362418174744, 4, 10.367585801999667, 326, 82138,                                             82138, 41.673397064208984, 769.8544311523438
229, -1295.3138964176178, 4, 10.474929103002069, 326, 82464,                                             82464, 40.600013732910156, 770.9657592773438
230, -2453.539217352867, 3, 4.517509960998723, 136, 82600,                                             82600, 40.89155960083008, 768.9680786132812
231, -1388.644316315651, 4, 10.721917670001858, 326, 82926,                                             82926, 41.747039794921875, 769.40966796875
232, -1073.8545912504196, 4, 10.31974701499712, 318, 83244,                                             83244, 43.29103088378906, 767.19091796875
233, -1408.5037488937378, 4, 10.521707170002628, 324, 83568,                                             83568, 40.78565216064453, 765.7778930664062
234, 2287.714292794466, 1, 2.7175743480038363, 77, 83645,                                             83645, 41.150917053222656, 766.2047729492188
235, -1504.1646695137024, 4, 10.064916183997411, 317, 83962,                                             83962, 40.912925720214844, 762.8779907226562
236, 2276.8598947525024, 1, 2.972844398005691, 87, 84049,                                             84049, 39.41965103149414, 765.0465087890625
237, -1406.5275493860245, 4, 10.320258277999528, 317, 84366,                                             84366, 42.65807342529297, 762.5619506835938
238, -1359.3707957267761, 4, 10.121234728001582, 315, 84681,                                             84681, 41.071956634521484, 759.3145751953125
239, -1010.1342115402222, 4, 10.32088380800269, 320, 85001,                                             85001, 40.090675354003906, 758.1922607421875
240, -1169.2458186149597, 4, 10.321030854000128, 318, 85319,                                             85319, 40.950279235839844, 756.6221313476562
241, -1256.8807505369186, 4, 10.321987753995927, 318, 85637,                                             85637, 41.76782989501953, 755.3733520507812
242, 2283.2693886756897, 1, 2.918756384999142, 82, 85719,                                             85719, 38.17688751220703, 751.3057861328125
243, -3393.871744155884, 3, 9.919879205997859, 305, 86024,                                             86024, 40.68102264404297, 754.662109375
244, -1336.3030930757523, 4, 10.520074045998626, 320, 86344,                                             86344, 40.76093292236328, 753.0452270507812
245, 2351.3682505488396, 1, 2.517880127998069, 69, 86413,                                             86413, 39.342041015625, 743.2827758789062
246, -1419.0652794837952, 4, 10.52227959400625, 323, 86736,                                             86736, 40.79050827026367, 750.8580932617188
247, -1046.415880203247, 4, 10.120806873004767, 311, 87047,                                             87047, 38.64950180053711, 745.9918212890625
248, -1083.5539744496346, 4, 10.32122546699975, 317, 87364,                                             87364, 38.70534896850586, 747.370361328125
249, -1141.7748712301254, 4, 10.330509835999692, 318, 87682,                                             87682, 39.756752014160156, 746.6735229492188
250, -1045.6223359107971, 4, 10.320782135997433, 314, 87996,                                             87996, 37.915042877197266, 745.032958984375
251, -1039.6325159668922, 4, 10.521338206999644, 315, 88311,                                             88311, 41.34490203857422, 745.7139282226562
252, -1302.3860087394714, 4, 10.321020422001311, 312, 88623,                                             88623, 38.899662017822266, 743.3779907226562
253, -2610.771243453026, 3, 5.520214438001858, 163, 88786,                                             88786, 40.388282775878906, 740.8273315429688
254, -1128.5437873601913, 4, 10.320854239995242, 313, 89099,                                             89099, 39.3306999206543, 741.7749633789062
255, -1149.4115921258926, 4, 10.320753025996964, 312, 89411,                                             89411, 38.5218505859375, 738.56640625
256, -1149.06509745121, 4, 10.521794480999233, 321, 89732,                                             89732, 38.27449035644531, 738.6514892578125
257, -1146.7486691474915, 4, 10.526895663999312, 320, 90052,                                             90052, 38.37868118286133, 738.99658203125
258, 2195.6078285574913, 1, 3.9181946700045955, 113, 90165,                                             90165, 38.874183654785156, 734.8035888671875
259, -3063.416324853897, 2, 5.762365586000669, 180, 90345,                                             90345, 38.397220611572266, 734.546630859375
260, -1202.6532454490662, 4, 10.477560789993731, 319, 90664,                                             90664, 39.50718688964844, 737.0614624023438
261, -1063.2131994962692, 4, 10.32126491699455, 313, 90977,                                             90977, 39.69234085083008, 734.0743408203125
262, -1021.5804996490479, 4, 10.522156300998176, 316, 91293,                                             91293, 37.982234954833984, 732.4382934570312
263, -1177.9734027385712, 4, 10.322506573000283, 311, 91604,                                             91604, 37.63285446166992, 731.0900268554688
264, -1023.207088470459, 4, 10.121987232996617, 307, 91911,                                             91911, 38.7685661315918, 728.9956665039062
265, -1087.0233083963394, 4, 10.120992043004662, 309, 92220,                                             92220, 36.58303451538086, 725.067626953125
266, -1107.8671777248383, 4, 10.520642486000725, 321, 92541,                                             92541, 37.98417663574219, 727.5621337890625
267, -1196.120889544487, 4, 10.721914061999996, 323, 92864,                                             92864, 37.93159103393555, 725.4117431640625
268, -1131.9965170621872, 4, 10.321637422995991, 315, 93179,                                             93179, 37.192588806152344, 724.5025634765625
269, -1123.7591022253036, 4, 10.321392705001927, 313, 93492,                                             93492, 37.786293029785156, 727.2706298828125
270, -1090.9688211679459, 4, 10.322996151000552, 315, 93807,                                             93807, 37.507423400878906, 723.3005981445312
271, 2355.184022426605, 1, 1.717259095996269, 46, 93853,                                             93853, 35.608360290527344, 719.5540161132812
272, -1377.6637065410614, 4, 10.164681057998678, 317, 94170,                                             94170, 37.139068603515625, 720.2081298828125
273, 1977.808523118496, 1, 6.076713422000466, 184, 94354,                                             94354, 38.46013641357422, 716.9900512695312
274, -3126.3852877616882, 3, 7.792911198004731, 243, 94597,                                             94597, 36.53591537475586, 723.7311401367188
275, -1009.685687661171, 4, 10.448777072000667, 318, 94915,                                             94915, 37.30009078979492, 717.5868530273438
276, -1220.0572237968445, 4, 10.52159692600253, 317, 95232,                                             95232, 37.84405517578125, 715.7980346679688
277, 1683.7924520373344, 1, 8.919735358998878, 267, 95499,                                             95499, 35.36817932128906, 717.8685302734375
278, -1321.363808631897, 4, 10.063894886996422, 313, 95812,                                             95812, 37.99885940551758, 713.4368286132812
279, -1010.0253354310989, 4, 10.779708473004575, 325, 96137,                                             96137, 37.74915313720703, 714.8795776367188
280, -1059.9103224277496, 4, 10.321623094001552, 313, 96450,                                             96450, 35.4593505859375, 710.324951171875
281, 1834.6128107607365, 1, 7.119905207000556, 213, 96663,                                             96663, 36.78978729248047, 709.3563232421875
282, 2114.2655222415924, 1, 4.320289920004143, 127, 96790,                                             96790, 35.28509521484375, 706.5859985351562
283, -1270.8232424259186, 4, 10.372153540993168, 322, 97112,                                             97112, 36.8454704284668, 708.2489013671875
284, -1064.3757419586182, 4, 10.671890227000404, 324, 97436,                                             97436, 36.94661331176758, 706.3048095703125
285, -1280.1529188156128, 4, 10.122086890005448, 307, 97743,                                             97743, 35.95687484741211, 709.9005737304688
286, 2247.153538584709, 1, 3.519850356999086, 98, 97841,                                             97841, 37.74822235107422, 703.4826049804688
287, -1310.0139968395233, 4, 10.307117033997201, 316, 98157,                                             98157, 35.34201431274414, 703.3435668945312
288, -921.2950447201729, 4, 10.322787074001099, 314, 98471,                                             98471, 36.37633514404297, 705.7156982421875
289, -1233.5414324998856, 4, 10.322144448000472, 315, 98786,                                             98786, 37.08993911743164, 700.862060546875
290, -885.1375255584717, 4, 10.3217589259948, 312, 99098,                                             99098, 36.073486328125, 700.9371337890625
291, -1177.8498002290726, 4, 10.120550097999512, 306, 99404,                                             99404, 36.45681381225586, 700.03515625
292, -1036.7238593101501, 4, 10.52117431700026, 317, 99721,                                             99721, 37.34505081176758, 700.7051391601562
293, -2483.892853140831, 2, 4.518294175999472, 132, 99853,                                             99853, 38.345741271972656, 702.7362060546875
294, -1208.432240843773, 4, 10.32237014999555, 314, 100167,                                             100167, 37.335540771484375, 699.3321533203125
295, -1025.9769206047058, 4, 10.321116148996225, 313, 100480,                                             100480, 37.365325927734375, 696.0469970703125
296, -1033.8800694942474, 4, 10.72181051899679, 323, 100803,                                             100803, 37.15153884887695, 698.9620971679688
297, -1236.488533258438, 4, 10.523549306999485, 320, 101123,                                             101123, 35.18389892578125, 693.715576171875
298, -909.1924303174019, 4, 10.323749245995714, 307, 101430,                                             101430, 35.5070915222168, 693.8662719726562
299, -1104.096680879593, 4, 10.320092560003104, 313, 101743,                                             101743, 36.61069869995117, 691.6702270507812
300, -1052.7351338863373, 4, 10.521118468997884, 315, 102058,                                             102058, 34.3254508972168, 688.3525390625
301, -940.5109179615974, 4, 10.425407255999744, 314, 102372,                                             102372, 35.51254653930664, 692.3626098632812
302, -1115.2610003948212, 4, 10.123937210002623, 305, 102677,                                             102677, 36.71259689331055, 690.6378784179688
303, -1213.4049348831177, 4, 10.320643798004312, 313, 102990,                                             102990, 36.13626480102539, 687.6128540039062
304, -1019.0166176557541, 4, 10.522458444000222, 319, 103309,                                             103309, 36.130401611328125, 686.265625
305, -1082.0569783449173, 4, 10.322935320000397, 314, 103623,                                             103623, 35.986019134521484, 685.19384765625
306, 2140.698198020458, 1, 4.3223978860041825, 125, 103748,                                             103748, 35.70845413208008, 684.620361328125
307, -1314.1263554096222, 4, 10.165961087004689, 316, 104064,                                             104064, 35.05776596069336, 686.64306640625
308, -1076.204661488533, 4, 10.677702701003, 326, 104390,                                             104390, 34.89820861816406, 682.0975952148438
309, -911.8107644319534, 4, 10.320463497002493, 315, 104705,                                             104705, 34.68556213378906, 680.9223022460938
310, -1113.6058493852615, 4, 10.321369398996467, 314, 105019,                                             105019, 36.43672180175781, 683.2708129882812
311, -1054.4128485918045, 4, 10.322965039005794, 311, 105330,                                             105330, 36.21079635620117, 679.89208984375
312, -955.8042039871216, 4, 10.12092009600019, 309, 105639,                                             105639, 35.42951202392578, 676.94580078125
313, -1084.6722633838654, 4, 10.52087995599868, 317, 105956,                                             105956, 35.054805755615234, 676.553466796875
314, 2162.7711349129677, 1, 4.318225379000069, 128, 106084,                                             106084, 34.894866943359375, 676.7672729492188
315, -1375.429452419281, 4, 10.521412306996353, 318, 106402,                                             106402, 35.34743881225586, 676.471435546875
316, -991.9342340230942, 4, 10.522117204003735, 318, 106720,                                             106720, 34.2491455078125, 674.7940063476562
317, -1096.9767677783966, 4, 10.523162056000729, 314, 107034,                                             107034, 35.36796569824219, 677.9002685546875
318, 1714.7977530956268, 1, 9.319998585997382, 282, 107316,                                             107316, 35.355308532714844, 672.797119140625
319, -1363.186252117157, 4, 10.262369967997074, 319, 107635,                                             107635, 35.39906311035156, 676.5662841796875
320, 2223.6343556642532, 1, 3.5760651320015313, 106, 107741,                                             107741, 35.378292083740234, 672.278076171875
321, -1311.1437475681305, 4, 10.722605160997773, 321, 108062,                                             108062, 36.53556823730469, 670.3770141601562
322, -1035.837329506874, 4, 10.120263324999542, 306, 108368,                                             108368, 35.56509780883789, 668.3015747070312
323, 2027.2326264381409, 1, 6.318139132003125, 186, 108554,                                             108554, 37.60732650756836, 671.2872314453125
324, -1247.4000644683838, 4, 10.154440275000525, 316, 108870,                                             108870, 33.055030822753906, 664.8734130859375
325, -1100.1604288816452, 4, 10.492574033996789, 319, 109189,                                             109189, 35.508731842041016, 665.63232421875
326, -962.2360237836838, 4, 10.321985675000178, 313, 109502,                                             109502, 34.871028900146484, 665.4156494140625
327, -928.1310262084007, 4, 10.322367873995972, 314, 109816,                                             109816, 34.53337478637695, 664.2808227539062
328, -1089.5549455881119, 4, 10.321735979996447, 313, 110129,                                             110129, 35.361045837402344, 662.754150390625
329, -1039.3726601600647, 4, 10.323240051002358, 312, 110441,                                             110441, 35.54649353027344, 663.0651245117188
330, -962.4402298927307, 4, 10.322179457005404, 312, 110753,                                             110753, 34.30031204223633, 659.3719482421875
331, -1112.3809827566147, 4, 10.522171618998982, 319, 111072,                                             111072, 35.528297424316406, 657.4507446289062
332, -1017.2925162315369, 4, 10.322176586996648, 316, 111388,                                             111388, 33.85932922363281, 658.6530151367188
333, -999.6393264532089, 4, 10.521768443999463, 318, 111706,                                             111706, 33.62310028076172, 656.573486328125
334, 2305.6544097065926, 1, 2.5182244910029112, 67, 111773,                                             111773, 34.6485710144043, 658.4384155273438
335, 2096.6473228931427, 1, 4.118096600999706, 116, 111889,                                             111889, 35.513065338134766, 652.526123046875
336, -1151.666943192482, 4, 10.320892792995437, 311, 112200,                                             112200, 34.51313400268555, 654.8262939453125
337, -1062.184271812439, 4, 10.520320356998127, 316, 112516,                                             112516, 35.08281326293945, 649.8939819335938
338, 1762.044061243534, 1, 8.722434749004606, 259, 112775,                                             112775, 33.3388557434082, 651.2720947265625
339, -1239.9858272075653, 4, 10.146493945001566, 314, 113089,                                             113089, 32.62987518310547, 650.8067016601562
340, -1125.3293536901474, 4, 10.700033580003947, 321, 113410,                                             113410, 33.86988830566406, 645.4237060546875
341, -1044.085153579712, 4, 10.52064944900485, 318, 113728,                                             113728, 33.0687141418457, 646.910888671875
342, 2250.85242164135, 1, 3.5180979970027693, 100, 113828,                                             113828, 34.68096160888672, 644.0460815429688
343, -3355.946771144867, 3, 10.243767809006386, 319, 114147,                                             114147, 32.14136505126953, 642.4219970703125
344, 2119.044306874275, 1, 4.59621491299913, 132, 114279,                                             114279, 34.56647491455078, 644.707763671875
345, -1304.4553653001785, 4, 10.520482207997702, 317, 114596,                                             114596, 32.72369384765625, 641.1327514648438
346, -1061.6917802095413, 4, 10.322213847997773, 311, 114907,                                             114907, 31.624441146850586, 642.6209106445312
347, -1142.5101011395454, 4, 10.321138651997899, 308, 115215,                                             115215, 33.51616287231445, 643.9279174804688
348, 2475.1632190048695, 1, 1.3168897680006921, 31, 115246,                                             115246, 31.166072845458984, 638.4522094726562
349, -1305.0779042243958, 4, 10.522278021999227, 318, 115564,                                             115564, 33.549686431884766, 641.9527587890625
350, -1127.2328717708588, 4, 10.321919469999557, 312, 115876,                                             115876, 33.243473052978516, 638.6275024414062
351, -956.7636995315552, 4, 10.321341786999255, 311, 116187,                                             116187, 33.71328353881836, 638.5096435546875
352, -976.1615028381348, 4, 10.322778834000928, 314, 116501,                                             116501, 32.83976745605469, 634.8119506835938
353, -1064.4910739660263, 4, 10.320616100005282, 315, 116816,                                             116816, 32.331180572509766, 632.3558349609375
354, -964.5948102474213, 4, 10.321730727999238, 313, 117129,                                             117129, 32.6737060546875, 630.8968505859375
355, -960.1961942911148, 4, 10.52227184199728, 316, 117445,                                             117445, 33.085487365722656, 631.8148803710938
356, -1165.5062633752823, 4, 10.122324128999026, 310, 117755,                                             117755, 32.391075134277344, 631.4396362304688
357, -873.5355261564255, 4, 10.321895512999617, 314, 118069,                                             118069, 32.52738571166992, 630.5936279296875
358, -1155.487570643425, 4, 10.323004227000638, 312, 118381,                                             118381, 32.770591735839844, 630.0816650390625
359, 2344.9559401869774, 1, 2.518144711997593, 72, 118453,                                             118453, 31.626930236816406, 628.565673828125
360, -1244.7832108736038, 4, 10.521199495000474, 318, 118771,                                             118771, 32.559547424316406, 627.8369140625
361, -1166.670766234398, 4, 10.321412142002373, 308, 119079,                                             119079, 31.318143844604492, 628.3409423828125
362, -1020.7087951898575, 4, 10.123267258000851, 305, 119384,                                             119384, 31.333271026611328, 627.4655151367188
363, -983.7656078338623, 4, 10.522364803000528, 315, 119699,                                             119699, 31.120038986206055, 624.0785522460938
364, -887.0683812499046, 4, 10.322046818000672, 305, 120004,                                             120004, 31.615781784057617, 622.4503784179688
365, -1068.9894272089005, 4, 10.522071826999309, 311, 120315,                                             120315, 32.0600700378418, 622.99609375
366, 2366.137807369232, 1, 1.9185204960012925, 48, 120363,                                             120363, 29.887540817260742, 624.4152221679688
367, -1306.0066425800323, 4, 10.121021657003439, 306, 120669,                                             120669, 32.76174545288086, 624.8190307617188
368, -1025.9505404233932, 4, 10.521612918004394, 313, 120982,                                             120982, 30.90447235107422, 622.8790283203125
369, 2438.707083404064, 1, 1.518159329003538, 40, 121022,                                             121022, 31.02628517150879, 626.2464599609375
370, -1302.2332322597504, 4, 10.721984076997614, 324, 121346,                                             121346, 31.573287963867188, 618.4027709960938
371, -1097.7894463539124, 4, 10.522449009004049, 317, 121663,                                             121663, 32.00729751586914, 619.1167602539062
372, -1035.512610077858, 4, 10.521878437997657, 316, 121979,                                             121979, 30.504573822021484, 619.8561401367188
373, -1055.930977344513, 4, 10.721970078004233, 320, 122299,                                             122299, 30.809406280517578, 616.6730346679688
374, -842.019564807415, 4, 10.123070814996026, 307, 122606,                                             122606, 31.26160430908203, 618.2453002929688
375, -1142.1809350252151, 4, 10.521180626994465, 315, 122921,                                             122921, 31.720722198486328, 615.531494140625
376, 1801.9245119690895, 1, 8.721132220998697, 266, 123187,                                             123187, 32.231136322021484, 614.6815795898438
377, -1235.1145842075348, 4, 10.07081680099509, 312, 123499,                                             123499, 32.902931213378906, 615.3414306640625
378, -1039.016883611679, 4, 10.571294992005278, 318, 123817,                                             123817, 30.584321975708008, 612.4528198242188
379, -1223.873487830162, 4, 10.521886305999942, 319, 124136,                                             124136, 29.488513946533203, 612.7008056640625
380, -932.8855140805244, 4, 10.323007669998333, 308, 124444,                                             124444, 31.93839454650879, 611.83349609375
381, -1116.2405908107758, 4, 10.322678777003603, 309, 124753,                                             124753, 32.29054641723633, 608.4610595703125
382, -1066.1934598088264, 4, 10.323063230003754, 307, 125060,                                             125060, 32.16520309448242, 608.0155639648438
383, -1229.6108261346817, 4, 10.321950433004531, 312, 125372,                                             125372, 29.688989639282227, 604.4825439453125
384, 2148.7181455492973, 1, 4.119474420003826, 122, 125494,                                             125494, 33.98508834838867, 610.2850952148438
385, -3024.789355993271, 3, 8.007525424996857, 248, 125742,                                             125742, 29.886404037475586, 603.5928955078125
386, 2215.856317281723, 1, 4.031619176006643, 117, 125859,                                             125859, 30.202816009521484, 606.3008422851562
387, -1512.8385727405548, 4, 10.522662393996143, 318, 126177,                                             126177, 31.50054931640625, 603.2955322265625
388, -959.5714588165283, 4, 10.321259971999098, 308, 126485,                                             126485, 31.66053009033203, 602.5137329101562
389, -916.7024531364441, 4, 10.122395168997173, 307, 126792,                                             126792, 31.108722686767578, 599.793701171875
390, -958.1858119368553, 4, 10.32203847799974, 312, 127104,                                             127104, 30.61125373840332, 599.5570068359375
391, 2138.385578393936, 1, 3.9191045309999026, 111, 127215,                                             127215, 32.14330291748047, 598.3551635742188
392, -3410.9910800457, 3, 9.120727193003404, 270, 127485,                                             127485, 30.068500518798828, 598.155517578125
393, -1075.3600677251816, 4, 10.324849575998087, 313, 127798,                                             127798, 30.3779239654541, 596.8604125976562
394, -1049.6805230379105, 4, 10.324266584000725, 310, 128108,                                             128108, 29.08057975769043, 595.9732055664062
395, -962.8070836663246, 4, 10.321349302001181, 312, 128420,                                             128420, 31.08000946044922, 591.16943359375
396, -994.9719511270523, 4, 10.321419084000809, 313, 128733,                                             128733, 29.099536895751953, 592.2591552734375
397, 2314.946220636368, 1, 2.7177852150052786, 74, 128807,                                             128807, 29.139101028442383, 592.771728515625
398, -1360.556048631668, 4, 10.282937668001978, 317, 129124,                                             129124, 30.34539794921875, 591.2619018554688
399, -2502.4072107076645, 3, 5.158256292997976, 153, 129277,                                             129277, 29.99735450744629, 589.0863037109375
400, -1180.532539844513, 4, 10.321665937000944, 310, 129587,                                             129587, 28.92355728149414, 587.728759765625
401, 1794.0615781843662, 1, 8.653895477997139, 250, 129837,                                             129837, 30.288917541503906, 586.9431762695312
