episode, reward, success, duration, steps, total_steps, memory length, avg_critic_loss, avg_actor_loss
2, 2326.543992817402, 1, 0.8323253769995063, 53, 25133,                                             129020, 1.96476149559021, 0.02275840751826763
3, -5331.815787553787, 2, 5.670216626000183, 498, 25631,                                             129518, 1.5518289804458618, -0.9638490080833435
4, -3433.6989777088165, 2, 2.763757025000814, 210, 25841,                                             129728, 1.3811116218566895, -1.3085534572601318
5, -7280.086851596832, 2, 8.117770688004384, 679, 26520,                                             130407, 1.5904940366744995, -1.376159429550171
6, -4566.025174021721, 2, 4.3162196460034465, 361, 26881,                                             130768, 2.032383918762207, -0.9810732007026672
7, -6769.839035987854, 2, 6.928561890999845, 584, 27465,                                             131352, 2.4857401847839355, -0.2437407374382019
8, -5865.344293355942, 4, 10.720280781999463, 911, 28376,                                             132263, 3.31322979927063, 1.6829063892364502
9, -4319.301188528538, 2, 4.316350604996842, 353, 28729,                                             132616, 3.813544750213623, 3.7846922874450684
10, -4650.026760339737, 2, 3.9157911369984504, 310, 29039,                                             132926, 4.336629867553711, 5.140567302703857
11, -5467.888656377792, 2, 5.315782129000581, 430, 29469,                                             133356, 4.792221546173096, 6.534582614898682
12, -4621.046595335007, 2, 5.317799166994519, 438, 29907,                                             133794, 5.217221260070801, 8.290521621704102
13, -4848.88849234581, 2, 4.1152334270009305, 334, 30241,                                             134128, 5.590314865112305, 10.104265213012695
14, -7276.205168843269, 2, 9.318891205002728, 777, 31018,                                             134905, 6.342040061950684, 13.008833885192871
15, -7227.659425973892, 3, 9.520718499996292, 798, 31816,                                             135703, 7.133858680725098, 16.944381713867188
16, -6929.114848136902, 4, 10.719433395002852, 903, 32719,                                             136606, 7.984039306640625, 21.160120010375977
17, -6039.024858236313, 2, 7.518566525999631, 628, 33347,                                             137234, 8.813150405883789, 25.780277252197266
18, -5284.77593433857, 2, 6.518098838998412, 532, 33879,                                             137766, 9.297022819519043, 28.700523376464844
19, -5402.482118904591, 2, 6.517997271999775, 545, 34424,                                             138311, 9.72048282623291, 31.846755981445312
20, -5443.166979193687, 4, 11.121457373999874, 926, 35350,                                             139237, 10.447543144226074, 35.76689529418945
21, -314.5494223833084, 1, 7.918230839000898, 663, 36013,                                             139900, 11.040094375610352, 39.91379165649414
22, -4461.857147693634, 2, 2.2114115959993796, 194, 36207,                                             140094, 11.317927360534668, 43.03239822387695
23, -8775.839601516724, 2, 10.224159438002971, 857, 37064,                                             140951, 11.765216827392578, 45.37900161743164
24, -6535.820039510727, 4, 11.120273687003646, 935, 37999,                                             141886, 12.447121620178223, 50.47264099121094
25, -9263.306362390518, 2, 9.720546090997232, 818, 38817,                                             142704, 13.350934982299805, 55.401588439941406
26, -7397.44894361496, 2, 10.321050364000257, 845, 39662,                                             143549, 13.80022144317627, 60.020233154296875
27, -7588.360593080521, 4, 10.919781818003685, 925, 40587,                                             144474, 14.570476531982422, 65.12962341308594
28, -6904.186661243439, 4, 11.121111362001102, 916, 41503,                                             145390, 15.122640609741211, 70.679931640625
29, -6980.205464661121, 4, 11.125007069000276, 911, 42414,                                             146301, 15.357320785522461, 75.87020111083984
30, -5420.942898273468, 4, 10.920602620004502, 907, 43321,                                             147208, 15.984772682189941, 81.78150177001953
31, -5595.032009601593, 4, 10.720443128993793, 874, 44195,                                             148082, 16.679189682006836, 87.5000991821289
32, -5521.02607101202, 2, 8.52013991199783, 692, 44887,                                             148774, 16.968721389770508, 92.52619171142578
33, -7874.0204610824585, 4, 10.920810545001586, 901, 45788,                                             149675, 17.562061309814453, 98.0740966796875
34, -4490.3182410001755, 4, 10.924442071998783, 901, 46689,                                             150576, 18.11745262145996, 104.52574157714844
35, -432.62377655506134, 1, 6.919523108001158, 568, 47257,                                             151144, 18.302705764770508, 109.03813934326172
36, -12369.950411319733, 2, 6.8968441739998525, 590, 47847,                                             151734, 19.29302215576172, 115.01139068603516
37, 652.0550393462181, 1, 5.539299549003772, 434, 48281,                                             152168, 19.252065658569336, 118.13628387451172
38, -6467.83401966095, 2, 3.1501120880056988, 273, 48554,                                             152441, 19.127405166625977, 121.66947174072266
39, 1863.434263855219, 1, 2.2827206009969814, 171, 48725,                                             152612, 19.56155776977539, 123.35498809814453
40, -7542.807742595673, 4, 10.941496154999186, 935, 49660,                                             153547, 19.92315673828125, 127.69747924804688
41, -6701.257461071014, 4, 11.300024980999297, 923, 50583,                                             154470, 20.80941390991211, 134.15200805664062
42, -6207.672773718834, 4, 11.121153628002503, 913, 51496,                                             155383, 21.282699584960938, 141.53781127929688
43, -5908.678434252739, 2, 7.319732135001686, 584, 52080,                                             155967, 21.38791847229004, 147.52841186523438
44, -329.60523450374603, 1, 7.91918085499492, 637, 52717,                                             156604, 22.048749923706055, 151.31422424316406
45, -8345.163419246674, 4, 11.123498257999017, 897, 53614,                                             157501, 22.45602798461914, 157.50392150878906
46, -3984.956963777542, 3, 5.1177115160026005, 397, 54011,                                             157898, 22.773916244506836, 162.34854125976562
47, -7004.409130334854, 3, 10.720802674004517, 865, 54876,                                             158763, 23.033327102661133, 167.48043823242188
48, -5762.226066708565, 4, 11.320539619999181, 926, 55802,                                             159689, 23.617210388183594, 173.8226776123047
49, -9177.885599255562, 2, 10.724058263993356, 862, 56664,                                             160551, 23.766942977905273, 179.7128448486328
50, -8658.130254626274, 2, 11.120721815997967, 890, 57554,                                             161441, 23.800447463989258, 185.89788818359375
51, -7115.508898019791, 3, 6.92043260599894, 552, 58106,                                             161993, 24.69489860534668, 191.667724609375
52, -8678.841281175613, 3, 7.720053213000938, 620, 58726,                                             162613, 24.313671112060547, 194.30703735351562
53, -5655.893742084503, 4, 11.327222369000083, 902, 59628,                                             163515, 25.1572265625, 199.98023986816406
54, -6409.0147931575775, 4, 11.125254983999184, 900, 60528,                                             164415, 25.31037712097168, 206.85910034179688
55, -6371.896171092987, 4, 11.120720061000611, 887, 61415,                                             165302, 25.57172966003418, 214.10411071777344
56, -6541.230037808418, 4, 11.325608746999933, 916, 62331,                                             166218, 26.551382064819336, 220.80435180664062
57, -5597.74879014492, 4, 10.922080880001886, 865, 63196,                                             167083, 26.2005615234375, 227.93638610839844
58, 2306.028298139572, 1, 0.7156474210059969, 30, 63226,                                             167113, 26.645898818969727, 232.04281616210938
59, -7011.959830999374, 4, 10.84081873499963, 890, 64116,                                             168003, 26.616737365722656, 234.96131896972656
60, -6406.049433231354, 4, 11.403741550995619, 912, 65028,                                             168915, 27.047348022460938, 241.96652221679688
61, -6745.804584503174, 4, 10.923225172002276, 868, 65896,                                             169783, 27.08196449279785, 248.1928253173828
62, -4175.0549874305725, 3, 4.91745844399702, 379, 66275,                                             170162, 26.889829635620117, 252.57725524902344
63, -7452.552301168442, 2, 7.919794996996643, 623, 66898,                                             170785, 27.30956268310547, 256.7138977050781
64, -6079.1904010772705, 2, 8.320031700997788, 632, 67530,                                             171417, 27.22565460205078, 261.0685119628906
65, -4415.551847100258, 4, 11.121144876000471, 885, 68415,                                             172302, 27.840662002563477, 266.1390686035156
66, -5557.864577531815, 2, 6.518018448005023, 502, 68917,                                             172804, 27.927581787109375, 271.6231384277344
67, -5445.8663074970245, 2, 7.327534896001453, 554, 69471,                                             173358, 28.486011505126953, 276.9231262207031
68, 2393.7503123879433, 1, 0.9153665939957136, 43, 69514,                                             173401, 27.751720428466797, 278.9667053222656
69, -6820.1531393527985, 4, 11.327269348003028, 905, 70419,                                             174306, 28.190994262695312, 280.6132507324219
70, 2078.2240753769875, 1, 1.917160110999248, 139, 70558,                                             174445, 27.723878860473633, 283.1002197265625
71, -7209.520436763763, 4, 11.05882778200612, 897, 71455,                                             175342, 28.680240631103516, 288.4608459472656
72, -6986.803762078285, 2, 8.38320517399552, 656, 72111,                                             175998, 28.660070419311523, 293.78814697265625
73, -6040.315796136856, 2, 7.721592732996214, 592, 72703,                                             176590, 28.606422424316406, 298.0110778808594
74, -6525.188716888428, 2, 7.918097270994622, 622, 73325,                                             177212, 28.54668426513672, 302.7553405761719
75, -6116.216612696648, 2, 8.719017509996775, 674, 73999,                                             177886, 28.74020767211914, 307.7860107421875
76, -5592.200318932533, 4, 11.122652406003908, 854, 74853,                                             178740, 29.178653717041016, 311.81549072265625
77, -6215.234597206116, 4, 11.128074629996263, 879, 75732,                                             179619, 29.515581130981445, 318.0919494628906
78, -4847.742864012718, 4, 11.325637755995558, 868, 76600,                                             180487, 29.298267364501953, 323.96917724609375
79, -5941.033357381821, 4, 11.322631330003787, 885, 77485,                                             181372, 28.72800064086914, 328.0289306640625
80, -5740.082766294479, 2, 8.719818070996553, 676, 78161,                                             182048, 29.38300895690918, 333.4402160644531
81, -4755.060731291771, 4, 11.326363596999727, 894, 79055,                                             182942, 29.41954803466797, 337.86517333984375
82, -6089.595811724663, 4, 11.325561626996205, 870, 79925,                                             183812, 29.445261001586914, 342.8459167480469
83, -9197.844204187393, 4, 11.32186868199642, 892, 80817,                                             184704, 29.481365203857422, 345.98291015625
84, -4790.496862471104, 4, 11.324322811997263, 879, 81696,                                             185583, 29.71778106689453, 351.9582214355469
85, -5027.668974637985, 4, 11.321147214999655, 884, 82580,                                             186467, 29.37779426574707, 355.4791564941406
86, -5267.142286658287, 4, 11.322716857997875, 868, 83448,                                             187335, 29.02456283569336, 359.6173095703125
87, -7035.516371488571, 4, 11.122762332997809, 875, 84323,                                             188210, 29.42194938659668, 364.4735107421875
88, -3706.712914586067, 3, 3.9274024549958995, 299, 84622,                                             188509, 29.63100242614746, 366.7259826660156
89, -4912.64514875412, 4, 11.320897289995628, 870, 85492,                                             189379, 29.714868545532227, 370.3728332519531
90, -5679.391941905022, 4, 11.32147541899758, 894, 86386,                                             190273, 29.365814208984375, 373.3086242675781
91, 1660.6563504338264, 1, 3.3231233979968238, 246, 86632,                                             190519, 30.22212791442871, 377.64031982421875
92, -1033.8039826154709, 1, 8.323354235995794, 638, 87270,                                             191157, 29.011425018310547, 378.9765930175781
93, -6031.71994638443, 3, 7.984960885994951, 636, 87906,                                             191793, 28.91666603088379, 381.51434326171875
94, 2293.7535041570663, 1, 0.5896765040015453, 47, 87953,                                             191840, 28.64584732055664, 380.6321105957031
95, -6950.7737946510315, 4, 11.435765604997869, 895, 88848,                                             192735, 29.44169807434082, 384.49493408203125
96, -4630.60316491127, 3, 5.069694975994935, 380, 89228,                                             193115, 29.467098236083984, 388.5023498535156
97, -874.7704186737537, 1, 9.726203545003955, 747, 89975,                                             193862, 29.309749603271484, 390.29791259765625
98, -5570.206407785416, 2, 6.791876411996782, 528, 90503,                                             194390, 28.839895248413086, 392.0937805175781
99, -3354.953336685896, 3, 4.45001339600276, 326, 90829,                                             194716, 29.93106460571289, 394.4111022949219
100, -6339.42036986351, 4, 11.321920568996575, 871, 91700,                                             195587, 29.0416259765625, 395.86077880859375
101, -4515.26008105278, 4, 11.370885307995195, 885, 92585,                                             196472, 29.178024291992188, 399.48614501953125
102, -4198.020217895508, 4, 11.122893600004318, 870, 93455,                                             197342, 29.13581085205078, 402.78143310546875
103, -5302.510301589966, 4, 11.52164478800114, 872, 94327,                                             198214, 28.818723678588867, 406.2781677246094
104, -5198.88085770607, 4, 11.524025352002354, 890, 95217,                                             199104, 28.6835880279541, 409.1072998046875
105, -4201.457117199898, 4, 11.124587325997709, 864, 96081,                                             199968, 28.750465393066406, 411.8206481933594
106, -4979.418433427811, 4, 11.321315651999612, 865, 96946,                                             200833, 28.38714027404785, 415.095703125
107, -1238.0516219735146, 1, 9.526838352001505, 729, 97675,                                             201562, 28.556983947753906, 417.4637756347656
108, -5505.672634601593, 3, 5.736506715002179, 440, 98115,                                             202002, 28.636240005493164, 420.60382080078125
109, -5652.990932703018, 4, 11.504794279004273, 891, 99006,                                             202893, 28.15407943725586, 423.6203308105469
110, -5169.29299479723, 4, 11.124341099995945, 871, 99877,                                             203764, 28.496992111206055, 427.38092041015625
111, -4472.260599374771, 4, 11.123424557998078, 856, 100733,                                             204620, 28.382343292236328, 430.87939453125
112, -5171.9017169475555, 4, 11.522972673003096, 876, 101609,                                             205496, 28.569135665893555, 434.2900695800781
113, -5806.861127853394, 4, 11.322839548993215, 856, 102465,                                             206352, 28.208847045898438, 435.3763427734375
114, -4609.367325305939, 4, 11.324109166998824, 869, 103334,                                             207221, 28.095125198364258, 438.7050476074219
115, -4602.4642144441605, 4, 11.121965206999448, 847, 104181,                                             208068, 28.07965850830078, 441.4021301269531
116, -6434.547164201736, 4, 11.326627465998172, 870, 105051,                                             208938, 28.412094116210938, 444.58831787109375
117, -6763.081113934517, 2, 8.319864962999418, 638, 105689,                                             209576, 28.208478927612305, 447.17120361328125
118, 2219.4128732681274, 1, 1.7199370009984705, 111, 105800,                                             209687, 28.549474716186523, 449.4404602050781
119, -6519.377776384354, 2, 7.9199684409977635, 584, 106384,                                             210271, 28.379558563232422, 449.6151123046875
120, -4729.77451646328, 4, 11.122698576997209, 863, 107247,                                             211134, 28.195833206176758, 451.2555847167969
121, -3956.690616250038, 4, 11.321315332999802, 857, 108104,                                             211991, 28.314279556274414, 454.2146301269531
122, -5115.357734918594, 2, 5.920202797999082, 453, 108557,                                             212444, 28.416980743408203, 455.9784851074219
123, -6482.384205698967, 2, 7.519969729997683, 574, 109131,                                             213018, 28.583940505981445, 457.7871398925781
124, -4602.248251140118, 4, 11.32234726200113, 856, 109987,                                             213874, 27.856639862060547, 459.3807373046875
125, -7227.6621824502945, 2, 7.920398811002087, 600, 110587,                                             214474, 27.51742172241211, 462.3470764160156
126, -6447.725904583931, 4, 10.922310237998317, 842, 111429,                                             215316, 28.114351272583008, 464.76275634765625
127, -4715.911652803421, 4, 11.533876672998304, 866, 112295,                                             216182, 27.897817611694336, 466.9333190917969
128, -5216.0853761434555, 4, 11.12329542900261, 843, 113138,                                             217025, 27.74560546875, 469.1658935546875
129, -3893.55477976799, 4, 11.121673595000175, 834, 113972,                                             217859, 27.603137969970703, 471.7099304199219
130, -4891.142916560173, 4, 11.321453286996984, 859, 114831,                                             218718, 27.5955810546875, 473.2704162597656
131, -5162.034468889236, 4, 11.322733697998046, 868, 115699,                                             219586, 27.664709091186523, 475.1814880371094
132, -5541.632655322552, 4, 11.333656355003768, 846, 116545,                                             220432, 27.336267471313477, 477.64569091796875
133, -12379.658862352371, 4, 11.322224322000693, 869, 117414,                                             221301, 27.618425369262695, 479.2530517578125
134, -1709.3721215724945, 1, 7.319507790998614, 542, 117956,                                             221843, 27.113428115844727, 480.6358947753906
135, -5080.667747020721, 2, 2.103355205996195, 129, 118085,                                             221972, 26.226404190063477, 480.0496520996094
136, -5134.691439151764, 4, 11.321834542999568, 855, 118940,                                             222827, 27.41720962524414, 484.162109375
137, -4019.4738951325417, 4, 11.121157148998464, 846, 119786,                                             223673, 27.2305908203125, 485.2041320800781
138, -1050.952641993761, 1, 9.521709362001275, 710, 120496,                                             224383, 27.060218811035156, 487.2541809082031
139, -6021.160703897476, 4, 11.523012069003016, 873, 121369,                                             225256, 27.118906021118164, 489.3179016113281
140, 2137.975551366806, 1, 1.7174352100046235, 109, 121478,                                             225365, 26.559438705444336, 487.3902893066406
141, -9002.829916715622, 4, 11.32217462600238, 840, 122318,                                             226205, 27.13425636291504, 491.3269348144531
142, -4090.7310730814934, 4, 11.121798976993887, 848, 123166,                                             227053, 27.10443878173828, 492.9916687011719
143, -5348.614476799965, 4, 11.32379501000105, 854, 124020,                                             227907, 26.908910751342773, 494.3002014160156
144, -6761.685909032822, 3, 10.721990136997192, 800, 124820,                                             228707, 26.801101684570312, 496.3257751464844
145, -4199.970648944378, 4, 11.12163209800201, 847, 125667,                                             229554, 26.99123764038086, 497.446533203125
146, -5989.924644827843, 4, 11.322612078998645, 856, 126523,                                             230410, 27.018342971801758, 498.557861328125
147, -1005.4302041828632, 1, 10.724613839003723, 810, 127333,                                             231220, 26.59895133972168, 499.4293518066406
148, -6896.498532652855, 4, 11.269841199005896, 875, 128208,                                             232095, 26.501218795776367, 500.70953369140625
149, -4363.528440117836, 4, 11.377583970002888, 848, 129056,                                             232943, 26.850095748901367, 502.737060546875
150, -4457.197123646736, 4, 11.123570347997884, 858, 129914,                                             233801, 26.43952178955078, 504.451171875
151, -3875.7033457159996, 4, 11.321240818004298, 861, 130775,                                             234662, 26.13023567199707, 504.9759216308594
152, -4540.256283760071, 4, 11.122644087998196, 836, 131611,                                             235498, 26.802248001098633, 506.5038146972656
153, -4274.384908854961, 4, 11.321784594001656, 856, 132467,                                             236354, 26.404939651489258, 508.1640930175781
154, -4233.4959062337875, 4, 11.121658894997381, 836, 133303,                                             237190, 26.531124114990234, 509.6712341308594
155, -5149.330623686314, 3, 7.3194208329950925, 543, 133846,                                             237733, 26.607404708862305, 511.0107116699219
156, -4994.391227722168, 4, 11.12101901099959, 836, 134682,                                             238569, 26.3985595703125, 512.166259765625
157, -3711.379286289215, 4, 10.921753184004046, 822, 135504,                                             239391, 26.378019332885742, 514.2013549804688
158, -5233.6371986866, 4, 11.123238842003047, 849, 136353,                                             240240, 26.30373191833496, 514.0861206054688
159, -4733.354785919189, 4, 11.325449750998814, 859, 137212,                                             241099, 26.273717880249023, 515.501953125
160, 823.2275512814522, 1, 5.522485150002467, 388, 137600,                                             241487, 26.65897560119629, 517.1025390625
161, -5539.1789474487305, 3, 8.12059831499937, 616, 138216,                                             242103, 26.474679946899414, 517.2379150390625
162, -4388.095968008041, 4, 11.321881880001456, 852, 139068,                                             242955, 26.37851905822754, 517.7540893554688
163, -4742.5596688985825, 4, 11.124779799996759, 837, 139905,                                             243792, 25.95673942565918, 518.28564453125
164, -4487.258013367653, 4, 11.323312663000252, 864, 140769,                                             244656, 26.308433532714844, 520.3453979492188
165, 1626.2740988731384, 1, 3.1170985370044946, 226, 140995,                                             244882, 26.626544952392578, 521.8004150390625
166, -5465.004512548447, 4, 11.29672320499958, 879, 141874,                                             245761, 26.15793800354004, 521.3782958984375
167, -6316.364929378033, 3, 10.948850000000675, 811, 142685,                                             246572, 26.23142433166504, 522.3845825195312
168, -6070.818961858749, 4, 11.12150516800466, 845, 143530,                                             247417, 26.369956970214844, 524.0725708007812
169, -4512.4092173576355, 4, 11.122788999004115, 831, 144361,                                             248248, 26.03827667236328, 524.8206787109375
170, -3846.1308292150497, 4, 10.92584695899859, 830, 145191,                                             249078, 26.274709701538086, 525.806640625
171, -4336.481039762497, 4, 11.124083948001498, 838, 146029,                                             249916, 26.241682052612305, 526.73291015625
172, -4523.142078757286, 4, 11.122252715002105, 822, 146851,                                             250738, 26.431697845458984, 527.9686889648438
173, 1881.7907296419144, 1, 2.1166332450011396, 142, 146993,                                             250880, 26.087263107299805, 528.2479858398438
174, -7039.944842576981, 3, 10.525183910998749, 800, 147793,                                             251680, 26.126941680908203, 528.4978637695312
175, -4074.753868460655, 4, 11.12324647999776, 846, 148639,                                             252526, 25.853408813476562, 528.7523803710938
176, -474.1706686615944, 1, 9.722873473001528, 716, 149355,                                             253242, 25.840253829956055, 530.5074462890625
177, 71.46424555778503, 1, 6.422294329997385, 504, 149859,                                             253746, 25.230430603027344, 529.7469482421875
178, -5066.074487447739, 4, 11.620259185001487, 884, 150743,                                             254630, 25.961397171020508, 532.0016479492188
179, -4249.91242825985, 4, 10.923086577000504, 802, 151545,                                             255432, 25.751527786254883, 531.70751953125
180, -4069.778329849243, 4, 11.122919989997172, 832, 152377,                                             256264, 25.64299774169922, 532.3677368164062
181, -4976.812844753265, 4, 11.122163211999577, 839, 153216,                                             257103, 25.801326751708984, 533.4059448242188
182, 2008.7020995616913, 1, 2.516382355999667, 171, 153387,                                             257274, 25.39653778076172, 534.2357177734375
183, -6467.385826826096, 4, 10.946891917999892, 835, 154222,                                             258109, 25.62227439880371, 534.2318725585938
184, -6137.4698821902275, 3, 11.299553351003851, 856, 155078,                                             258965, 25.586549758911133, 535.0245971679688
185, -4925.509792804718, 4, 11.321932275997824, 846, 155924,                                             259811, 25.254215240478516, 536.29296875
186, -4977.350160717964, 4, 11.121873629999754, 852, 156776,                                             260663, 25.784439086914062, 537.9044799804688
187, -3890.8420999646187, 4, 11.121752081999148, 846, 157622,                                             261509, 25.57883644104004, 538.63525390625
188, -4592.967695236206, 4, 11.123024827997142, 817, 158439,                                             262326, 25.286989212036133, 538.5241088867188
189, -4604.39010477066, 3, 4.11858868800482, 294, 158733,                                             262620, 25.74307632446289, 539.74609375
190, -3944.9586416482925, 4, 11.122687092996784, 835, 159568,                                             263455, 25.64202117919922, 540.6778564453125
191, -4315.806682467461, 4, 11.12298934100545, 832, 160400,                                             264287, 25.525634765625, 541.9678344726562
192, -4217.565336585045, 4, 11.12249216499913, 814, 161214,                                             265101, 25.684749603271484, 541.9151611328125
193, -4372.682025909424, 3, 4.317424485998345, 305, 161519,                                             265406, 25.936933517456055, 542.4096069335938
194, -3693.8422090411186, 4, 11.126592437001818, 826, 162345,                                             266232, 25.20247459411621, 542.60546875
195, -3906.953236222267, 3, 5.5228627559990855, 404, 162749,                                             266636, 25.42502784729004, 542.5393676757812
196, -5038.03134393692, 4, 11.122367739997571, 814, 163563,                                             267450, 25.531232833862305, 543.41357421875
197, -5652.656704425812, 4, 11.321792071001255, 845, 164408,                                             268295, 25.71930694580078, 544.052978515625
198, -4526.203544437885, 4, 11.122653837999678, 831, 165239,                                             269126, 25.139461517333984, 544.5451049804688
199, -4297.175426840782, 4, 11.122826528997393, 811, 166050,                                             269937, 25.316991806030273, 545.748046875
200, -4285.316754102707, 4, 10.925439525999536, 819, 166869,                                             270756, 25.35553741455078, 546.209228515625
201, -4662.320173621178, 4, 11.18060228000104, 834, 167703,                                             271590, 24.73613929748535, 546.481201171875
202, -3440.2249459028244, 3, 4.118386816000566, 302, 168005,                                             271892, 25.039413452148438, 546.71875
203, -5256.603296279907, 4, 11.323539659002563, 822, 168827,                                             272714, 25.130582809448242, 546.9730834960938
204, 1819.6019614934921, 1, 2.918232812000497, 200, 169027,                                             272914, 25.028635025024414, 547.5223999023438
205, -4704.731097102165, 4, 11.321017595997546, 842, 169869,                                             273756, 25.213098526000977, 548.09814453125
206, -242.1047927737236, 1, 6.120075170001655, 449, 170318,                                             274205, 25.435428619384766, 548.4016723632812
207, -4244.823556900024, 3, 4.523150020002504, 299, 170617,                                             274504, 24.816099166870117, 547.7211303710938
208, -4268.030984044075, 4, 11.32270296200295, 831, 171448,                                             275335, 25.04263687133789, 548.7589721679688
209, 290.4821070432663, 1, 6.920376554000541, 508, 171956,                                             275843, 24.98130226135254, 549.3916015625
210, -5117.5501000881195, 4, 11.054150947995367, 840, 172796,                                             276683, 25.110435485839844, 549.7763671875
211, -2705.864988565445, 2, 3.187534915996366, 196, 172992,                                             276879, 24.108741760253906, 548.2495727539062
212, -4742.321345925331, 4, 11.122367495001527, 825, 173817,                                             277704, 24.83171844482422, 550.1480102539062
213, -4668.847684383392, 4, 11.121856461999414, 826, 174643,                                             278530, 25.158349990844727, 551.8389282226562
214, -4234.315885066986, 3, 5.922339110999019, 424, 175067,                                             278954, 25.07206153869629, 551.1806030273438
215, 2262.9075757861137, 1, 1.3170318189950194, 82, 175149,                                             279036, 23.682369232177734, 552.3396606445312
216, -5187.807414293289, 4, 11.521501884999452, 842, 175991,                                             279878, 24.997432708740234, 552.17578125
217, -4669.566221475601, 4, 11.122947136995208, 824, 176815,                                             280702, 24.97657585144043, 552.710205078125
218, -4381.124285101891, 4, 11.121918327000458, 829, 177644,                                             281531, 25.01799964904785, 552.944091796875
219, -3788.4051080942154, 4, 11.125681073004671, 792, 178436,                                             282323, 24.89470100402832, 554.1698608398438
220, -5066.9382311701775, 4, 11.321184177999385, 831, 179267,                                             283154, 24.43225860595703, 554.1587524414062
221, -4344.992736339569, 4, 11.121233510995808, 820, 180087,                                             283974, 24.516054153442383, 553.8096313476562
222, -5858.24593436718, 4, 11.322946154999954, 810, 180897,                                             284784, 24.641820907592773, 555.0907592773438
223, -5143.412348151207, 3, 7.92211263399804, 578, 181475,                                             285362, 24.552112579345703, 555.4115600585938
224, -3756.4703184366226, 4, 11.123383432997798, 822, 182297,                                             286184, 24.507568359375, 556.2135620117188
225, 1626.2480744421482, 1, 3.5191270010036533, 253, 182550,                                             286437, 24.73724937438965, 557.9625244140625
226, -5198.9781349897385, 4, 11.078458707997925, 819, 183369,                                             287256, 24.450942993164062, 556.8482666015625
227, -4461.086189746857, 4, 11.567295671004103, 850, 184219,                                             288106, 24.724163055419922, 557.287353515625
228, -4467.345495223999, 4, 10.921155199001078, 810, 185029,                                             288916, 24.33063316345215, 557.5514526367188
229, -7031.580043673515, 3, 8.920396358997095, 675, 185704,                                             289591, 24.083351135253906, 557.934326171875
230, -5299.669055581093, 4, 11.121949303997098, 806, 186510,                                             290397, 24.24217987060547, 558.13330078125
231, 1538.9368049800396, 1, 3.3184742520024884, 235, 186745,                                             290632, 25.49362564086914, 559.0909423828125
232, -4753.84486079216, 3, 6.920566783999675, 497, 187242,                                             291129, 24.288135528564453, 559.3905029296875
233, -4031.6342326402664, 4, 11.12478409299365, 817, 188059,                                             291946, 24.111513137817383, 560.2007446289062
234, -5287.505990386009, 3, 8.521659068996087, 611, 188670,                                             292557, 24.1954402923584, 560.1237182617188
235, -3925.6186407208443, 4, 11.122408196999459, 817, 189487,                                             293374, 24.00115394592285, 561.3016357421875
236, -4541.347732543945, 4, 10.923867055003939, 811, 190298,                                             294185, 24.599885940551758, 562.0447998046875
237, -4821.647662639618, 4, 11.325393090999569, 809, 191107,                                             294994, 24.3157901763916, 562.118896484375
238, -3813.6134345531464, 3, 4.519465410994599, 321, 191428,                                             295315, 24.59157943725586, 561.9080810546875
239, -3156.026515483856, 4, 11.126875868001662, 815, 192243,                                             296130, 24.092113494873047, 562.5260620117188
240, -3543.541363596916, 4, 11.121578826998302, 822, 193065,                                             296952, 24.004804611206055, 563.3621215820312
241, -4043.5108189582825, 3, 4.719665450997127, 330, 193395,                                             297282, 24.073060989379883, 564.0139770507812
242, -3376.2038085460663, 4, 11.12178404500446, 792, 194187,                                             298074, 23.815587997436523, 563.2977294921875
243, -3664.206944704056, 4, 10.722498023998924, 790, 194977,                                             298864, 24.237972259521484, 564.1332397460938
244, -161.7660897374153, 1, 9.721242792998964, 704, 195681,                                             299568, 24.24463653564453, 563.8583374023438
245, -2603.093650817871, 3, 1.3170729359990219, 76, 195757,                                             299644, 23.036876678466797, 565.96728515625
246, -3238.17775118351, 3, 4.320218171000306, 295, 196052,                                             299939, 24.136354446411133, 564.3435668945312
247, -4512.826143741608, 4, 10.923715905999416, 779, 196831,                                             300718, 24.180662155151367, 564.8661499023438
248, 1589.855681270361, 1, 4.519349939997483, 323, 197154,                                             301041, 23.49770736694336, 564.9889526367188
249, -45.064738750457764, 1, 7.9548707630019635, 595, 197749,                                             301636, 24.30083465576172, 565.5516967773438
250, -3978.6705626249313, 4, 11.29212999799347, 825, 198574,                                             302461, 24.205305099487305, 566.4848022460938
251, 2446.0349281430244, 1, 0.7152226670004893, 38, 198612,                                             302499, 24.988513946533203, 565.0093994140625
252, -814.7334417104721, 1, 10.02453605899791, 729, 199341,                                             303228, 24.24751091003418, 566.6279296875
253, -5377.386712312698, 2, 9.222837547997187, 663, 200004,                                             303891, 24.44122886657715, 565.9763793945312
254, -3904.9774881601334, 3, 4.918887920000998, 350, 200354,                                             304241, 24.4697322845459, 567.5255126953125
255, -3545.8754616975784, 4, 11.123238581996702, 810, 201164,                                             305051, 24.481348037719727, 567.330078125
256, -3285.1073682308197, 3, 4.517977896997763, 316, 201480,                                             305367, 23.909059524536133, 566.1324462890625
257, -3604.328494668007, 4, 11.32511702299962, 806, 202286,                                             306173, 24.5789852142334, 567.8262329101562
258, -3055.591298222542, 4, 10.721931772997777, 810, 203096,                                             306983, 24.17258644104004, 567.76513671875
259, -3362.8300659656525, 4, 11.121774478997395, 819, 203915,                                             307802, 23.7030029296875, 567.5732421875
260, -3131.8100336790085, 2, 3.7199519249988953, 261, 204176,                                             308063, 23.538679122924805, 567.4903564453125
261, 2339.1563591957092, 1, 0.7150902459979989, 30, 204206,                                             308093, 25.058481216430664, 566.5107421875
262, -4150.830152869225, 4, 10.476856182001939, 801, 205007,                                             308894, 23.812318801879883, 567.3949584960938
263, -3358.8610607385635, 4, 10.967203793996305, 834, 205841,                                             309728, 23.896554946899414, 567.3108520507812
264, -3355.2544496059418, 4, 10.720263030998467, 816, 206657,                                             310544, 24.051380157470703, 567.50048828125
265, -2675.1733092069626, 4, 10.721949838, 799, 207456,                                             311343, 23.634750366210938, 566.8732299804688
266, -3829.1761779785156, 4, 10.922405302997504, 826, 208282,                                             312169, 23.85647201538086, 567.194091796875
267, 2340.4948778152466, 1, 1.916006361003383, 124, 208406,                                             312293, 23.58846664428711, 566.4611206054688
268, -2812.5313239097595, 3, 1.6547744370036526, 128, 208534,                                             312421, 24.60581398010254, 566.8930053710938
269, 2259.3812494874, 1, 1.5787381549962447, 108, 208642,                                             312529, 23.466781616210938, 566.9048461914062
270, -4419.433262348175, 4, 10.741275259002578, 845, 209487,                                             313374, 24.020217895507812, 566.8363037109375
271, -3069.782902240753, 4, 10.901635290996637, 817, 210304,                                             314191, 24.011262893676758, 567.117919921875
272, -3548.30380153656, 2, 4.116911208999227, 302, 210606,                                             314493, 24.26430892944336, 565.906005859375
273, -3262.7463364601135, 3, 4.317505343999073, 314, 210920,                                             314807, 23.936250686645508, 566.1316528320312
274, -2700.191555559635, 4, 10.721838357996603, 815, 211735,                                             315622, 23.81178092956543, 565.9791870117188
275, -3754.8960304260254, 2, 4.318433303000347, 316, 212051,                                             315938, 23.949647903442383, 566.1800537109375
276, -3134.705186724663, 3, 3.9175297030014917, 290, 212341,                                             316228, 24.05767250061035, 566.0810546875
277, -3573.013446331024, 4, 10.921136928998749, 815, 213156,                                             317043, 23.599655151367188, 565.840087890625
278, -4854.4177005290985, 2, 7.9183088569989195, 596, 213752,                                             317639, 23.780574798583984, 565.1774291992188
279, -3419.5774561166763, 2, 3.7188428930021473, 271, 214023,                                             317910, 23.43269920349121, 566.1621704101562
280, -2855.678363084793, 2, 2.3169278540008236, 159, 214182,                                             318069, 23.965965270996094, 565.7503662109375
281, -5960.403440117836, 2, 9.31994083099562, 694, 214876,                                             318763, 24.153894424438477, 565.445068359375
282, -3716.6957886219025, 4, 10.522227232999285, 803, 215679,                                             319566, 23.645553588867188, 564.9473266601562
283, -2557.512934446335, 2, 1.7171899329987355, 88, 215767,                                             319654, 23.986225128173828, 565.9168090820312
284, -3491.1946321725845, 4, 10.72146875099861, 803, 216570,                                             320457, 23.85736656188965, 565.4906005859375
285, -3838.3658833503723, 3, 4.12282174199936, 300, 216870,                                             320757, 24.120208740234375, 564.8517456054688
286, 1975.66147300601, 1, 3.117435640000622, 212, 217082,                                             320969, 23.678913116455078, 564.4791259765625
287, -4949.278165817261, 2, 6.674765918003686, 515, 217597,                                             321484, 23.667186737060547, 564.5205078125
288, -3517.7725024223328, 3, 4.161390355002368, 307, 217904,                                             321791, 23.620399475097656, 565.0369262695312
289, -4436.344181120396, 2, 6.919211335, 510, 218414,                                             322301, 23.987751007080078, 563.94970703125
290, -3590.5890369415283, 3, 3.920620336000866, 258, 218672,                                             322559, 23.651378631591797, 564.4335327148438
291, -3235.495591878891, 2, 3.5201178419956705, 243, 218915,                                             322802, 23.817811965942383, 563.5364379882812
292, -3040.6427561044693, 4, 10.52092865400482, 797, 219712,                                             323599, 23.92967987060547, 564.24853515625
293, 2106.7034116983414, 1, 2.3158973190002143, 154, 219866,                                             323753, 23.842702865600586, 563.524169921875
294, -2739.581548690796, 3, 1.3027571370039368, 102, 219968,                                             323855, 23.918848037719727, 563.5628051757812
295, -3108.6856179237366, 2, 2.931009523003013, 203, 220171,                                             324058, 23.71905517578125, 564.8685913085938
296, -2753.3711639642715, 2, 2.5168836709999596, 172, 220343,                                             324230, 23.962390899658203, 563.69873046875
297, -3921.6413085460663, 2, 4.1171164640036295, 296, 220639,                                             324526, 23.803730010986328, 562.6532592773438
298, -2616.1464833021164, 2, 2.3167516799949226, 156, 220795,                                             324682, 24.08977699279785, 565.4532470703125
299, -4058.3992582559586, 2, 4.118468003995076, 293, 221088,                                             324975, 24.410615921020508, 563.5502319335938
300, -3319.558830022812, 2, 2.916376121000212, 199, 221287,                                             325174, 23.501781463623047, 563.996337890625
301, -3083.4059438705444, 2, 2.4892109310021624, 168, 221455,                                             325342, 23.986183166503906, 563.087646484375
302, -3924.917559146881, 2, 6.720192048996978, 475, 221930,                                             325817, 23.740821838378906, 563.4842529296875
303, -3378.365932583809, 4, 10.523656255005335, 799, 222729,                                             326616, 24.094175338745117, 563.2967529296875
304, -3644.2151317596436, 3, 3.7188564829993993, 265, 222994,                                             326881, 23.961029052734375, 563.8234252929688
305, -4394.05426633358, 2, 3.9168850169953657, 288, 223282,                                             327169, 23.82411766052246, 562.6389770507812
306, 2333.272578537464, 1, 1.5170734249986708, 85, 223367,                                             327254, 23.56549835205078, 562.2677001953125
307, -3634.1696355342865, 2, 3.1029579720052425, 218, 223585,                                             327472, 23.84130096435547, 562.5523681640625
308, -2832.383909791708, 2, 2.7174202099995455, 193, 223778,                                             327665, 23.72894859313965, 562.6929931640625
309, -3752.1851267814636, 4, 10.723129801997857, 792, 224570,                                             328457, 23.540782928466797, 562.4860229492188
310, -3512.592866897583, 2, 3.117048154999793, 213, 224783,                                             328670, 23.950448989868164, 562.386474609375
311, -5214.380393266678, 2, 4.921855936998327, 358, 225141,                                             329028, 23.89248275756836, 561.6576538085938
312, -3579.2334119081497, 3, 4.118875709995336, 293, 225434,                                             329321, 23.979005813598633, 562.9692993164062
313, -3410.8857128620148, 2, 3.316761312999006, 225, 225659,                                             329546, 23.87078094482422, 563.3598022460938
314, -3032.0895425081253, 2, 3.717329566999979, 254, 225913,                                             329800, 23.709897994995117, 562.9014282226562
315, -4786.8822276592255, 2, 4.317136152007151, 312, 226225,                                             330112, 23.33714485168457, 561.5785522460938
316, -3170.5072786808014, 2, 2.7182778639980825, 182, 226407,                                             330294, 23.3078670501709, 561.9264526367188
317, -3296.084800720215, 2, 2.916132425998512, 204, 226611,                                             330498, 24.13758087158203, 562.1357421875
318, -3125.5355570316315, 2, 2.51645052999811, 167, 226778,                                             330665, 23.4069766998291, 562.361083984375
319, -7921.18659222126, 2, 6.720625601999927, 491, 227269,                                             331156, 24.31188201904297, 562.6100463867188
320, -2638.0365442037582, 2, 2.3178376270006993, 137, 227406,                                             331293, 23.680063247680664, 563.0452880859375
321, -3372.957630634308, 2, 2.516514996998012, 176, 227582,                                             331469, 22.968889236450195, 562.744873046875
322, -3508.566147863865, 2, 3.717697653999494, 261, 227843,                                             331730, 23.49639892578125, 563.050048828125
323, -3658.660186290741, 2, 2.9174423120057327, 204, 228047,                                             331934, 23.917787551879883, 563.3629150390625
324, -3496.0846078395844, 2, 3.317987574999279, 231, 228278,                                             332165, 23.593334197998047, 562.6478881835938
325, 683.4072950482368, 1, 5.919276406006247, 432, 228710,                                             332597, 23.722768783569336, 562.729248046875
326, -3802.338668346405, 2, 2.0474778360003256, 156, 228866,                                             332753, 23.256710052490234, 562.641357421875
327, -4338.360209286213, 2, 5.186896004997834, 375, 229241,                                             333128, 23.37471580505371, 562.785400390625
328, -4628.728289723396, 2, 4.718412661000912, 331, 229572,                                             333459, 23.46733856201172, 563.5199584960938
329, -3135.5633153915405, 2, 3.118211799999699, 218, 229790,                                             333677, 23.60711669921875, 564.2706909179688
330, -3965.816176891327, 2, 3.919059918996936, 278, 230068,                                             333955, 24.29715347290039, 563.6493530273438
331, -3631.808172047138, 3, 5.5212722169962944, 381, 230449,                                             334336, 23.900686264038086, 563.9906616210938
332, -3842.7316217422485, 2, 3.3190876799999387, 230, 230679,                                             334566, 23.970232009887695, 563.7223510742188
333, -3108.2454521656036, 2, 2.518168798997067, 175, 230854,                                             334741, 23.671783447265625, 563.45166015625
334, -3739.0108563899994, 2, 3.318001339001057, 238, 231092,                                             334979, 23.939865112304688, 563.8475341796875
335, -2977.4567086696625, 2, 2.3174717930014594, 163, 231255,                                             335142, 23.791975021362305, 564.0973510742188
336, -4171.239841580391, 2, 3.9278906260005897, 269, 231524,                                             335411, 23.517717361450195, 565.1873168945312
337, -3715.084421634674, 2, 2.9180903500018758, 196, 231720,                                             335607, 23.90607261657715, 564.1365356445312
338, 815.5401445031166, 1, 4.719256523996592, 333, 232053,                                             335940, 23.627912521362305, 565.4996337890625
339, -4285.61702311039, 4, 10.457949148003536, 801, 232854,                                             336741, 23.89150047302246, 565.4530029296875
340, 2390.966079503298, 1, 0.5330515430032392, 41, 232895,                                             336782, 25.229787826538086, 563.8060913085938
341, -3397.4023662805557, 2, 1.9097838700035936, 146, 233041,                                             336928, 23.819509506225586, 565.8673095703125
342, -5231.347010552883, 2, 10.974289821999264, 802, 233843,                                             337730, 24.07455062866211, 566.3111572265625
343, -3567.995971441269, 4, 10.721986868004024, 790, 234633,                                             338520, 23.98753547668457, 567.4431762695312
344, 2440.7926422953606, 1, 0.7166413929953706, 36, 234669,                                             338556, 23.073017120361328, 568.4771118164062
345, -3744.8592015504837, 4, 10.923298396999598, 809, 235478,                                             339365, 23.967021942138672, 568.6826171875
346, -4138.641138672829, 4, 10.72134917099902, 765, 236243,                                             340130, 23.74971580505371, 569.905517578125
347, 2358.7160653471947, 1, 1.3159861719977926, 83, 236326,                                             340213, 23.99118423461914, 572.0818481445312
348, -3256.923613548279, 3, 2.717225488006079, 178, 236504,                                             340391, 24.715118408203125, 570.7427368164062
349, -4390.576280653477, 4, 10.528709076002997, 778, 237282,                                             341169, 24.020402908325195, 571.4158935546875
350, -7222.008552074432, 2, 4.918595058996289, 349, 237631,                                             341518, 24.808137893676758, 572.7481689453125
351, -73.16113245487213, 1, 9.730726855996181, 717, 238348,                                             342235, 24.188865661621094, 573.7567749023438
352, -2668.157707929611, 3, 0.9870930079996469, 73, 238421,                                             342308, 24.56167984008789, 574.2608642578125
353, -3225.6086086034775, 4, 10.851121909996436, 778, 239199,                                             343086, 24.368656158447266, 574.8068237304688
354, -3769.2335838079453, 4, 10.721647510996263, 780, 239979,                                             343866, 24.28427505493164, 576.0515747070312
355, -7761.978826701641, 2, 7.320181661001698, 520, 240499,                                             344386, 24.67594337463379, 577.5527954101562
356, 481.15738278627396, 1, 5.720359048995306, 416, 240915,                                             344802, 24.187501907348633, 577.236572265625
357, -4891.601412534714, 2, 6.1588443369983, 463, 241378,                                             345265, 24.860347747802734, 579.0499267578125
358, -3846.0332530736923, 2, 3.078312924000784, 204, 241582,                                             345469, 24.736879348754883, 579.1257934570312
359, -3142.0770868062973, 4, 10.921126680994348, 745, 242327,                                             346214, 25.05947494506836, 580.0151977539062
360, -2816.0930100679398, 4, 11.123190362995956, 760, 243087,                                             346974, 25.16463279724121, 581.5641479492188
361, -2891.0963606238365, 4, 11.323144171001331, 782, 243869,                                             347756, 24.74613380432129, 582.1522827148438
362, -3954.5512068271637, 4, 10.731051754999498, 775, 244644,                                             348531, 25.30925178527832, 583.6221313476562
363, -3356.891209244728, 4, 10.92262803799531, 749, 245393,                                             349280, 24.89147186279297, 584.1251831054688
364, 458.71234172582626, 1, 7.5238465889997315, 514, 245907,                                             349794, 25.039886474609375, 585.5476684570312
365, -5619.973966836929, 3, 7.120207028994628, 501, 246408,                                             350295, 25.136356353759766, 585.7761840820312
366, -4855.308134794235, 4, 10.721318655996583, 776, 247184,                                             351071, 25.499839782714844, 586.541015625
367, -3476.041707754135, 4, 10.72127075100434, 768, 247952,                                             351839, 25.56563377380371, 587.3825073242188
368, -2443.378834247589, 4, 10.722108656998898, 753, 248705,                                             352592, 25.599538803100586, 587.6836547851562
369, -408.143523812294, 1, 8.520740788000694, 602, 249307,                                             353194, 25.993486404418945, 588.34814453125
370, -3174.8959980010986, 3, 3.1178065790008986, 196, 249503,                                             353390, 25.40918731689453, 589.1353759765625
371, -3359.509805560112, 4, 10.72061774800386, 773, 250276,                                             354163, 25.521793365478516, 589.5381469726562
372, 2336.5312004089355, 1, 0.7161005410016514, 30, 250306,                                             354193, 26.07462501525879, 589.6647338867188
373, -6304.627110242844, 4, 10.922101049000048, 791, 251097,                                             354984, 25.508840560913086, 589.8323364257812
374, -4357.269280254841, 3, 10.12170320700534, 710, 251807,                                             355694, 25.414169311523438, 590.9954223632812
375, -3620.361765384674, 4, 10.723077014998125, 776, 252583,                                             356470, 25.689970016479492, 591.3597412109375
376, -3008.0365340709686, 4, 10.721220617000654, 756, 253339,                                             357226, 25.504934310913086, 592.2307739257812
377, -3244.391998410225, 4, 10.521578804000455, 772, 254111,                                             357998, 25.635562896728516, 592.2249755859375
378, -3444.1297538280487, 4, 10.722836084001756, 741, 254852,                                             358739, 25.88323211669922, 592.8302001953125
379, -4032.9728202819824, 4, 10.724541257004603, 758, 255610,                                             359497, 25.701303482055664, 593.142822265625
380, -3347.2393132448196, 4, 10.921687750000274, 769, 256379,                                             360266, 25.971277236938477, 592.8366088867188
381, -4791.435752153397, 4, 10.521532866994676, 765, 257144,                                             361031, 25.590938568115234, 593.6498413085938
382, -2532.339452177286, 4, 10.73176479999529, 745, 257889,                                             361776, 25.898347854614258, 594.7948608398438
383, -3446.7725986242294, 4, 10.722499445000722, 775, 258664,                                             362551, 26.299406051635742, 594.8973999023438
384, -3275.1444747447968, 4, 11.121072815003572, 770, 259434,                                             363321, 25.89653778076172, 594.8517456054688
385, -3301.3479169607162, 4, 11.127528009004891, 761, 260195,                                             364082, 25.82320785522461, 594.9517211914062
386, -3084.6287912130356, 4, 10.72297655500006, 752, 260947,                                             364834, 25.836711883544922, 595.2845458984375
387, 80.55672478675842, 1, 9.12237376000121, 643, 261590,                                             365477, 26.046443939208984, 596.1981201171875
388, 740.4500427246094, 1, 6.724361004002276, 452, 262042,                                             365929, 25.85394287109375, 595.8899536132812
389, -5980.1462371349335, 3, 6.89880277300108, 503, 262545,                                             366432, 25.81441879272461, 596.2324829101562
390, -5549.067392110825, 3, 10.551485547002812, 742, 263287,                                             367174, 25.664091110229492, 595.6489868164062
391, 658.1750052571297, 1, 6.9201908739996725, 478, 263765,                                             367652, 26.156103134155273, 595.958251953125
392, -3389.995266675949, 4, 10.71566305399756, 735, 264500,                                             368387, 25.754222869873047, 596.0062255859375
393, -4995.212451577187, 3, 9.325337711998145, 664, 265164,                                             369051, 25.78203010559082, 596.6353149414062
394, 2353.2629722356796, 1, 1.3166273620008724, 72, 265236,                                             369123, 24.626222610473633, 596.0086669921875
395, -3688.9668910503387, 4, 10.922392791995662, 769, 266005,                                             369892, 25.285308837890625, 596.1622924804688
396, -3238.869702219963, 4, 10.92102991900174, 771, 266776,                                             370663, 25.925472259521484, 595.9320678710938
397, -4059.2221015691757, 3, 5.1198717419974855, 349, 267125,                                             371012, 26.228084564208984, 597.2229614257812
398, -3562.590324997902, 4, 10.730467232999217, 743, 267868,                                             371755, 25.164419174194336, 596.2125854492188
399, -3085.485318303108, 4, 10.721374404995004, 760, 268628,                                             372515, 25.66575050354004, 596.3739624023438
400, -3657.8969126939774, 4, 10.525039131003723, 754, 269382,                                             373269, 25.190044403076172, 596.9370727539062
401, -4012.426056563854, 4, 10.647712655998475, 766, 270148,                                             374035, 25.4379940032959, 596.9888916015625
402, -2943.7780680656433, 4, 10.722502033000637, 750, 270898,                                             374785, 24.919574737548828, 596.9432373046875
403, -3082.9513189792633, 4, 10.723387314996216, 751, 271649,                                             375536, 25.576622009277344, 596.9577026367188
404, -2701.7414857149124, 4, 10.52291128700017, 752, 272401,                                             376288, 25.246509552001953, 596.6453857421875
405, -2808.3145047426224, 4, 11.122668832998897, 760, 273161,                                             377048, 25.122758865356445, 597.25927734375
406, -3404.261983394623, 4, 10.922368583000207, 772, 273933,                                             377820, 25.256500244140625, 597.7078857421875
407, -4563.842437565327, 3, 8.521370192996983, 576, 274509,                                             378396, 25.33690643310547, 597.236328125
408, -3276.3733813762665, 4, 10.521508131998417, 749, 275258,                                             379145, 25.150611877441406, 596.81005859375
409, -3054.6656482219696, 4, 10.724177313000837, 761, 276019,                                             379906, 25.123022079467773, 596.7359008789062
410, -3393.5096611976624, 4, 10.722656685000402, 770, 276789,                                             380676, 24.914630889892578, 596.01123046875
411, -2531.967640042305, 4, 11.124363853996329, 749, 277538,                                             381425, 24.830759048461914, 596.2765502929688
412, 1275.5665373206139, 1, 5.518985763999808, 373, 277911,                                             381798, 25.430221557617188, 596.0056762695312
413, -2852.6766983270645, 4, 10.921953981000115, 770, 278681,                                             382568, 24.67619514465332, 595.0660400390625
414, -3415.8715405464172, 4, 10.721680996997748, 749, 279430,                                             383317, 24.462671279907227, 595.1049194335938
415, 2214.9038156867027, 1, 1.7171780959979515, 104, 279534,                                             383421, 24.94247055053711, 595.0110473632812
416, -4888.817018270493, 3, 8.74123027099995, 610, 280144,                                             384031, 24.68234634399414, 594.6935424804688
417, -3623.7846549749374, 4, 10.901262222003425, 733, 280877,                                             384764, 24.632495880126953, 594.160400390625
418, 2335.1344815194607, 1, 1.5165237640030682, 82, 280959,                                             384846, 24.254966735839844, 595.5325927734375
419, -3317.4556362628937, 4, 10.347496602997126, 745, 281704,                                             385591, 24.5714054107666, 594.260498046875
420, -6059.602460503578, 3, 10.895825683001021, 764, 282468,                                             386355, 24.825891494750977, 593.9922485351562
421, -3311.7786477804184, 4, 10.731597908998083, 745, 283213,                                             387100, 24.54117202758789, 594.1516723632812
422, -3366.99855864048, 3, 4.318658727999718, 286, 283499,                                             387386, 24.54774284362793, 593.7748413085938
423, -3421.901729106903, 4, 10.723071625994635, 694, 284193,                                             388080, 24.787992477416992, 594.0116577148438
424, -2810.6876739263535, 4, 10.721109013997193, 741, 284934,                                             388821, 24.394655227661133, 592.9716796875
425, -2661.7792603969574, 4, 10.522269691995461, 730, 285664,                                             389551, 24.266647338867188, 593.4327392578125
426, -2718.9338146448135, 4, 10.720801611001662, 745, 286409,                                             390296, 24.52813720703125, 593.0112915039062
427, -4082.532252550125, 3, 7.520517309996649, 514, 286923,                                             390810, 24.423580169677734, 592.6116333007812
428, 2092.7418514490128, 1, 2.317255246998684, 143, 287066,                                             390953, 24.033735275268555, 593.1598510742188
429, -4799.70570230484, 4, 11.52466353699856, 720, 287786,                                             391673, 23.971288681030273, 592.674072265625
