episode, reward, success, duration, steps, total_steps, memory length, avg_critic_loss, avg_actor_loss
2, 19.74337481035036, 1, 0.8545772500001476, 42, 25122,                                             129009, 1.9847170114517212, 0.10425693541765213
3, -271.1505552381277, 2, 2.914628303005884, 232, 25354,                                             129241, 1.6568572521209717, -0.7076860666275024
4, -334.5366145707667, 2, 4.316231069002242, 341, 25695,                                             129582, 1.3814713954925537, -1.0785990953445435
5, -402.64644315466285, 2, 5.31782623899926, 444, 26139,                                             130026, 1.33506441116333, -1.3528872728347778
6, -224.36037049721926, 2, 6.5170889560031355, 532, 26671,                                             130558, 1.5809189081192017, -1.3343192338943481
7, -695.2965777954087, 2, 7.517752972999006, 635, 27306,                                             131193, 1.9948985576629639, -0.79777991771698
8, -254.46597663406283, 2, 3.3145328469981905, 257, 27563,                                             131450, 2.4354400634765625, 0.08478715270757675
9, -208.89172584190965, 2, 3.716410459004692, 282, 27845,                                             131732, 2.6139538288116455, 0.6116708517074585
10, -292.3763451501727, 2, 3.91661728300096, 313, 28158,                                             132045, 2.9334192276000977, 1.6104031801223755
